10 10
10.4998 10.0125
10.9983 10.05
11.4944 10.1123
11.9867 10.1993
12.474 10.3109
12.9552 10.4466
13.429 10.6063
13.8942 10.7894
14.3497 10.9955
14.7943 11.2242
15.2269 11.4748
15.6464 11.7466
16.0519 12.0392
16.4422 12.3516
16.8173 12.6821
17.1889 13.0167
17.5604 13.3513
17.9319 13.6859
18.3035 14.0205
18.675 14.3551
19.0466 14.6897
19.4181 15.0243
19.7896 15.3589
20.1612 15.6935
20.5327 16.0281
20.9042 16.3627
21.2758 16.6973
21.6473 17.0319
22.0188 17.3666
22.3904 17.7012
22.7619 18.0358
23.1334 18.3704
23.505 18.705
23.8765 19.0396
24.2481 19.3742
24.6196 19.7088
24.9911 20.0434
25.3627 20.378
25.7342 20.7126
26.1057 21.0472
26.4773 21.3818
26.8488 21.7164
27.2203 22.051
27.5919 22.3856
27.9634 22.7203
28.3349 23.0549
28.7065 23.3895
29.078 23.7241
29.4496 24.0587
29.8211 24.3933
30.1926 24.7279
30.5642 25.0625
30.9357 25.3971
31.3072 25.7317
31.6788 26.0663
32.0503 26.4009
32.4218 26.7355
32.7934 27.0701
33.1649 27.4047
33.5364 27.7393
33.908 28.0739
34.2795 28.4086
34.6511 28.7432
35.0226 29.0778
35.3941 29.4124
35.7657 29.747
36.1372 30.0816
36.5087 30.4162
36.8803 30.7508
37.2518 31.0854
37.6233 31.42
37.9949 31.7546
38.3664 32.0892
38.7379 32.4238
39.1095 32.7584
39.481 33.093
39.8525 33.4277
40.2241 33.7623
40.5956 34.0969
40.9672 34.4315
41.3387 34.7661
41.7102 35.1007
42.0818 35.4353
42.4533 35.7699
42.8248 36.1045
43.1964 36.4391
43.5679 36.7737
43.9394 37.1083
44.311 37.4429
44.6825 37.7775
45.054 38.1121
45.4256 38.4467
45.7971 38.7814
46.1686 39.116
46.5402 39.4506
46.9117 39.7852
47.2833 40.1198
47.6548 40.4544
48.0263 40.789
48.3979 41.1236
48.7694 41.4582
49.1409 41.7928
49.5125 42.1274
49.884 42.462
50.2555 42.7966
50.6271 43.1312
50.9986 43.4658
51.3701 43.8004
51.7417 44.1351
52.1132 44.4697
52.4847 44.8043
52.8563 45.1389
53.2278 45.4735
53.5994 45.8081
53.9709 46.1427
54.3424 46.4773
54.714 46.8119
55.0855 47.1465
55.457 47.4811
55.8286 47.8157
56.2001 48.1503
56.5716 48.4849
56.9432 48.8195
57.3147 49.1541
57.6863 49.4888
58.0578 49.8234
58.4293 50.158
58.8009 50.4926
59.1724 50.8272
59.5439 51.1618
59.9155 51.4964
60.287 51.831
60.6585 52.1656
61.0301 52.5002
61.4016 52.8348
61.7731 53.1694
62.1447 53.504
62.5162 53.8386
62.8877 54.1732
63.2593 54.5078
63.6308 54.8425
64.0023 55.1771
64.3739 55.5117
64.7454 55.8463
65.117 56.1809
65.4885 56.5155
65.86 56.8501
66.2316 57.1847
66.6031 57.5193
66.9746 57.8539
67.3462 58.1885
67.7177 58.5231
68.0892 58.8577
68.4608 59.1923
68.8323 59.5269
69.2039 59.8615
69.5754 60.1962
69.9469 60.5308
70.3185 60.8654
70.69 61.2
71.0615 61.5346
71.4331 61.8692
71.8046 62.2038
72.1761 62.5384
72.5499 62.8704
72.938 63.1856
73.3414 63.481
73.759 63.7558
74.1899 64.0094
74.6329 64.2412
75.0869 64.4505
75.5508 64.6369
76.0234 64.7999
76.5036 64.939
76.9902 65.054
77.4818 65.1445
77.9774 65.2103
78.4757 65.2513
78.9754 65.2673
79.0457 65.2675
79.5455 65.28
80.0441 65.3175
80.5401 65.3798
81.0324 65.4669
81.5198 65.5784
82.0009 65.7142
82.4747 65.8738
82.9399 66.0569
83.3954 66.2631
83.84 66.4917
84.2726 66.7423
84.6922 67.0142
85.0976 67.3067
85.4879 67.6191
85.8621 67.9506
86.2193 68.3005
86.5585 68.6677
86.879 69.0514
87.1799 69.4507
87.4604 69.8645
87.72 70.2918
87.9578 70.7316
88.1734 71.1827
88.3661 71.644
88.5356 72.1143
88.6813 72.5925
88.803 73.0775
88.9002 73.5679
88.9729 74.0625
89.0207 74.5602
89.0436 75.0596
89.0415 75.5595
89.0144 76.0587
88.9624 76.556
88.8856 77.05
88.7842 77.5396
88.6585 78.0234
88.5087 78.5004
88.3353 78.9693
88.1387 79.429
87.9194 79.8783
87.6778 80.316
87.4147 80.7411
87.1307 81.1525
86.8265 81.5493
86.5028 81.9303
86.1605 82.2947
85.8004 82.6415
85.4234 82.9698
85.0305 83.279
84.6226 83.5681
84.2008 83.8364
83.766 84.0834
83.3195 84.3083
82.8624 84.5106
82.3961 84.691
81.9278 84.8663
81.4595 85.0416
80.9913 85.2169
80.523 85.3922
80.0547 85.5674
79.5865 85.7427
79.1182 85.918
78.6499 86.0933
78.1817 86.2686
77.7134 86.4438
77.2451 86.6191
76.7768 86.7944
76.3086 86.9697
75.8403 87.145
75.372 87.3202
74.9038 87.4955
74.4355 87.6708
73.9672 87.8461
73.499 88.0214
73.0307 88.1966
72.5624 88.3719
72.0941 88.5472
71.6259 88.7225
71.1576 88.8978
70.6893 89.073
70.2211 89.2483
69.7528 89.4236
69.2845 89.5989
68.8163 89.7741
68.348 89.9494
67.8797 90.1247
67.4114 90.3
66.9432 90.4753
66.4749 90.6505
66.0066 90.8258
65.5384 91.0011
65.0701 91.1764
64.6018 91.3517
64.1336 91.5269
63.6653 91.7022
63.197 91.8775
62.7287 92.0528
62.2605 92.2281
61.7922 92.4033
61.3239 92.5786
60.8557 92.7539
60.3874 92.9292
59.9191 93.1045
59.4508 93.2797
58.9826 93.455
58.5143 93.6303
58.046 93.8056
57.5778 93.9809
57.1095 94.1561
56.6412 94.3314
56.173 94.5067
55.7047 94.682
55.2364 94.8573
54.7681 95.0325
54.2999 95.2078
53.8316 95.3831
53.3633 95.5584
52.8951 95.7337
52.4268 95.9089
51.9585 96.0842
51.4903 96.2595
51.022 96.4348
50.5537 96.61
50.0854 96.7853
49.6172 96.9606
49.1489 97.1359
48.6806 97.3112
48.2124 97.4864
47.7441 97.6617
47.2758 97.837
46.8075 98.0123
46.3393 98.1876
45.871 98.3628
45.4027 98.5381
44.9345 98.7134
44.4662 98.8887
43.9979 99.064
43.5297 99.2392
43.0614 99.4145
42.5931 99.5898
42.1249 99.7651
41.6566 99.9404
41.1883 100.116
40.72 100.291
40.2518 100.466
39.7835 100.641
39.3152 100.817
38.847 100.992
38.3787 101.167
37.9104 101.343
37.4421 101.518
36.9739 101.693
36.5056 101.868
36.0373 102.044
35.5691 102.219
35.1008 102.394
34.6325 102.57
34.1643 102.745
33.696 102.92
33.2299 103.101
32.7729 103.304
32.3267 103.529
31.8923 103.777
31.4709 104.046
31.0634 104.335
30.6708 104.645
30.2943 104.974
29.9346 105.321
29.5928 105.686
29.2696 106.067
28.9659 106.465
28.6824 106.876
28.4198 107.302
28.1788 107.74
27.9601 108.189
27.764 108.649
27.5912 109.118
27.4421 109.596
27.317 110.08
27.2162 110.569
27.1401 111.063
27.0887 111.561
27.0623 112.06
27.0608 112.56
27.0844 113.059
27.1328 113.557
27.2061 114.051
27.304 114.542
27.4263 115.027
27.5726 115.505
27.7427 115.975
27.936 116.436
28.1522 116.887
28.3906 117.326
28.6507 117.753
28.9317 118.166
29.2331 118.565
29.5541 118.949
29.8938 119.315
30.2514 119.665
30.6261 119.996
31.0168 120.308
31.4226 120.6
31.8425 120.871
32.2755 121.121
32.7203 121.349
33.1761 121.555
33.6415 121.737
34.1155 121.896
34.5968 122.031
35.0843 122.142
35.5767 122.229
36.0729 122.29
36.5715 122.327
37.0584 122.339
37.5582 122.327
38.0567 122.289
38.5545 122.242
39.0523 122.196
39.5501 122.149
40.0479 122.102
40.5457 122.055
41.0435 122.008
41.5413 121.961
42.0391 121.914
42.5369 121.867
43.0347 121.82
43.5325 121.774
44.0303 121.727
44.5281 121.68
45.0259 121.633
45.5237 121.586
46.0215 121.539
46.5193 121.492
47.0171 121.445
47.5149 121.398
48.0127 121.352
48.5105 121.305
49.0083 121.258
49.5061 121.211
50.0039 121.164
50.5017 121.117
50.9995 121.07
51.4972 121.023
51.995 120.976
52.4928 120.93
52.9906 120.883
53.4884 120.836
53.9862 120.789
54.484 120.742
54.9818 120.695
55.4796 120.648
55.9774 120.601
56.4752 120.554
56.973 120.507
57.4708 120.461
57.9686 120.414
58.4664 120.367
58.9642 120.32
59.462 120.273
59.9598 120.226
60.4576 120.179
60.9554 120.132
61.4534 120.088
61.9528 120.065
62.1631 120.063
62.6629 120.075
63.1614 120.113
63.6575 120.175
64.1518 120.25
64.6461 120.325
65.1404 120.401
65.6348 120.476
66.1291 120.551
66.6234 120.626
67.1177 120.701
67.612 120.776
68.1064 120.851
68.6007 120.927
69.095 121.002
69.5893 121.077
70.0836 121.152
70.578 121.227
71.0723 121.302
71.5666 121.378
72.0609 121.453
72.5553 121.528
73.0496 121.603
73.5439 121.678
74.0382 121.753
74.5325 121.828
75.0269 121.904
75.5212 121.979
76.0155 122.054
76.5098 122.129
77.0041 122.204
77.4985 122.279
77.9928 122.354
78.4871 122.43
78.9814 122.505
79.4757 122.58
79.9701 122.655
80.4644 122.73
80.9587 122.805
81.453 122.88
81.9473 122.956
82.4417 123.031
82.936 123.106
83.4303 123.181
83.9246 123.256
84.419 123.331
84.9133 123.406
85.4076 123.482
85.9019 123.557
86.3962 123.632
86.8906 123.707
87.3849 123.782
87.8792 123.857
88.3735 123.932
88.8678 124.008
89.3622 124.083
89.8565 124.158
90.3508 124.233
90.8451 124.308
91.3394 124.383
91.8338 124.458
92.3281 124.534
92.8224 124.609
93.3167 124.684
93.8111 124.759
94.3054 124.834
94.7997 124.909
95.294 124.984
95.7883 125.06
96.2827 125.135
96.777 125.21
97.2713 125.285
97.7656 125.36
98.2599 125.435
98.7543 125.51
99.2486 125.586
99.7429 125.661
100.237 125.736
100.732 125.811
101.226 125.886
101.72 125.961
102.215 126.037
102.709 126.112
103.203 126.187
103.697 126.262
104.192 126.337
104.686 126.412
105.18 126.487
105.675 126.563
106.169 126.638
106.663 126.713
107.158 126.788
107.652 126.863
108.146 126.938
108.641 127.013
109.135 127.089
109.629 127.164
110.124 127.239
110.618 127.314
111.112 127.389
111.607 127.464
112.101 127.539
112.595 127.615
113.09 127.69
113.584 127.765
114.078 127.84
114.573 127.915
115.067 127.99
115.561 128.065
116.055 128.141
116.55 128.216
117.044 128.291
117.538 128.366
118.033 128.441
118.527 128.516
119.021 128.591
119.516 128.667
120.01 128.742
120.504 128.817
120.999 128.892
121.493 128.967
121.987 129.042
122.482 129.117
122.976 129.193
123.47 129.268
123.965 129.343
124.459 129.418
124.953 129.493
125.448 129.568
125.942 129.643
126.436 129.719
126.931 129.794
127.425 129.869
127.919 129.944
128.414 130.019
128.908 130.094
129.404 130.159
129.902 130.2
130.402 130.215
130.461 130.216
130.96 130.228
131.459 130.265
131.955 130.328
132.447 130.415
132.935 130.526
133.416 130.662
133.89 130.822
134.355 131.005
134.81 131.211
135.255 131.44
135.687 131.69
136.107 131.962
136.513 132.254
136.915 132.552
137.316 132.85
137.718 133.147
138.12 133.445
138.521 133.743
138.923 134.04
139.325 134.338
139.726 134.636
140.128 134.934
140.53 135.231
140.932 135.529
141.333 135.827
141.735 136.124
142.137 136.422
142.538 136.72
142.94 137.018
143.342 137.315
143.743 137.613
144.145 137.911
144.547 138.208
144.949 138.506
145.35 138.804
145.752 139.102
146.154 139.399
146.555 139.697
146.957 139.995
147.359 140.292
147.761 140.59
148.162 140.888
148.564 141.186
148.966 141.483
149.367 141.781
149.773 142.073
150.192 142.345
150.625 142.596
151.069 142.825
151.524 143.032
151.989 143.216
152.463 143.376
152.944 143.512
153.431 143.624
153.924 143.711
154.42 143.774
154.918 143.812
155.418 143.825
155.427 143.825
155.927 143.837
156.425 143.875
156.921 143.937
157.414 144.024
157.901 144.136
158.382 144.272
158.856 144.431
159.321 144.614
159.777 144.82
160.221 145.049
160.654 145.3
161.073 145.572
161.479 145.864
161.869 146.177
162.243 146.508
162.6 146.858
162.94 147.225
163.26 147.609
163.561 148.008
163.842 148.422
164.101 148.849
164.346 149.285
164.591 149.721
164.836 150.157
165.08 150.593
165.325 151.029
165.57 151.465
165.814 151.901
166.059 152.337
166.304 152.773
166.548 153.209
166.793 153.645
167.038 154.081
167.282 154.517
167.527 154.954
167.772 155.39
168.016 155.826
168.261 156.262
168.506 156.698
168.751 157.134
168.995 157.57
169.24 158.006
169.485 158.442
169.729 158.878
169.974 159.314
170.219 159.75
170.463 160.186
170.708 160.622
170.953 161.058
171.197 161.494
171.442 161.93
171.687 162.366
171.931 162.802
172.176 163.238
172.421 163.674
172.665 164.11
172.91 164.546
173.155 164.982
173.4 165.418
173.644 165.854
173.889 166.29
174.134 166.727
174.378 167.163
174.623 167.599
174.868 168.035
175.112 168.471
175.357 168.907
175.602 169.343
175.846 169.779
176.091 170.215
176.336 170.651
176.58 171.087
176.825 171.523
177.07 171.959
177.315 172.395
177.559 172.831
177.804 173.267
178.049 173.703
178.293 174.139
178.538 174.575
178.783 175.011
179.028 175.447
179.291 175.872
179.574 176.284
179.877 176.682
180.2 177.063
180.542 177.429
180.901 177.776
181.277 178.105
181.67 178.415
182.077 178.705
182.498 178.974
182.932 179.222
183.378 179.448
183.835 179.651
184.301 179.832
184.776 179.988
185.258 180.121
185.746 180.229
186.239 180.313
186.735 180.373
187.234 180.407
187.671 180.417
188.171 180.429
188.67 180.463
189.168 180.501
189.667 180.538
190.166 180.576
190.664 180.614
191.163 180.651
191.661 180.689
192.16 180.726
192.658 180.764
193.157 180.801
193.656 180.839
194.154 180.876
194.653 180.914
195.151 180.951
195.65 180.989
196.149 181.026
196.647 181.064
197.146 181.101
197.644 181.139
198.143 181.176
198.642 181.214
199.14 181.252
199.639 181.289
200.138 181.323
200.612 181.334
201.112 181.347
201.611 181.384
202.107 181.446
202.599 181.533
203.086 181.645
203.568 181.781
204.041 181.94
204.507 182.123
204.962 182.33
205.407 182.558
205.839 182.809
206.259 183.081
206.664 183.373
207.055 183.686
207.429 184.017
207.786 184.367
208.125 184.734
208.446 185.118
208.747 185.517
209.041 185.921
209.336 186.325
209.631 186.729
209.925 187.133
210.22 187.537
210.514 187.941
210.809 188.345
211.103 188.749
211.398 189.153
211.692 189.557
211.987 189.961
212.281 190.365
212.576 190.769
212.87 191.174
213.165 191.578
213.46 191.982
213.754 192.386
214.049 192.79
214.343 193.194
214.638 193.598
214.932 194.002
215.227 194.406
215.521 194.81
215.816 195.214
216.11 195.618
216.405 196.022
216.7 196.426
216.994 196.83
217.289 197.234
217.583 197.638
217.878 198.042
218.172 198.446
218.467 198.85
218.761 199.254
219.056 199.658
219.35 200.062
219.645 200.466
219.939 200.87
220.234 201.274
220.529 201.678
220.823 202.082
221.118 202.487
221.412 202.891
221.707 203.295
222.001 203.699
222.296 204.103
222.59 204.507
222.885 204.911
223.179 205.315
223.474 205.719
223.769 206.123
224.063 206.527
224.358 206.931
224.652 207.335
224.947 207.739
225.241 208.143
225.536 208.547
225.83 208.951
226.125 209.355
226.419 209.759
226.714 210.163
227.008 210.567
227.303 210.971
227.598 211.375
227.892 211.779
228.187 212.183
228.481 212.587
228.776 212.991
229.07 213.396
229.365 213.8
229.659 214.204
229.954 214.608
230.248 215.012
230.543 215.416
230.838 215.82
231.132 216.224
231.427 216.628
231.721 217.032
232.016 217.436
232.31 217.84
232.605 218.244
232.899 218.648
233.194 219.052
233.488 219.456
233.783 219.86
234.077 220.264
234.372 220.668
234.667 221.072
234.961 221.476
235.256 221.88
235.55 222.284
235.845 222.688
236.139 223.092
236.434 223.496
236.728 223.9
237.023 224.304
237.317 224.709
237.612 225.113
237.907 225.517
238.201 225.921
238.496 226.325
238.79 226.729
239.085 227.133
239.379 227.537
239.674 227.941
239.968 228.345
240.263 228.749
240.557 229.153
240.852 229.557
241.146 229.961
241.441 230.365
241.736 230.769
242.03 231.173
242.325 231.577
242.619 231.981
242.914 232.385
243.208 232.789
243.503 233.193
243.797 233.597
244.092 234.001
244.386 234.405
244.681 234.809
244.976 235.213
245.27 235.617
245.565 236.022
245.859 236.426
246.154 236.83
246.448 237.234
246.743 237.638
247.037 238.042
247.332 238.446
247.626 238.85
247.921 239.254
248.215 239.658
248.51 240.062
248.805 240.466
249.099 240.87
249.394 241.274
249.688 241.678
249.983 242.082
250.277 242.486
250.572 242.89
250.866 243.294
251.161 243.698
251.455 244.102
251.75 244.506
252.045 244.91
252.339 245.314
252.634 245.718
252.928 246.122
253.223 246.526
253.517 246.931
253.812 247.335
254.106 247.739
254.401 248.143
254.695 248.547
254.99 248.951
255.284 249.355
255.579 249.759
255.874 250.163
256.168 250.567
256.463 250.971
256.757 251.375
257.052 251.779
257.346 252.183
257.641 252.587
257.935 252.991
258.23 253.395
258.524 253.799
258.819 254.203
259.114 254.607
259.408 255.011
259.703 255.415
259.997 255.819
260.292 256.223
260.586 256.627
260.881 257.031
261.175 257.435
261.47 257.839
261.764 258.243
262.059 258.648
262.353 259.052
262.648 259.456
262.943 259.86
263.237 260.264
263.532 260.668
263.826 261.072
264.121 261.476
264.415 261.88
264.71 262.284
265.004 262.688
265.299 263.092
265.593 263.496
265.888 263.9
266.183 264.304
266.477 264.708
266.772 265.112
267.066 265.516
267.361 265.92
267.655 266.324
267.95 266.728
268.244 267.132
268.539 267.536
268.833 267.94
269.128 268.344
269.422 268.748
269.717 269.152
270.012 269.557
270.306 269.961
270.601 270.365
270.895 270.769
271.19 271.173
271.484 271.577
271.779 271.981
272.073 272.385
272.368 272.789
272.662 273.193
272.957 273.597
273.252 274.001
273.546 274.405
273.841 274.809
274.135 275.213
274.43 275.617
274.724 276.021
275.019 276.425
275.313 276.829
275.608 277.233
275.902 277.637
276.197 278.041
276.491 278.445
276.786 278.849
277.081 279.253
277.375 279.657
277.67 280.061
277.964 280.465
278.259 280.87
278.553 281.274
278.848 281.678
279.142 282.082
279.437 282.486
279.731 282.89
280.026 283.294
280.321 283.698
280.615 284.102
280.91 284.506
281.204 284.91
281.499 285.314
281.793 285.718
282.091 286.12
282.407 286.507
282.742 286.879
283.094 287.233
283.464 287.569
283.851 287.886
284.253 288.183
284.669 288.461
285.098 288.716
285.54 288.95
285.993 289.162
286.456 289.351
286.928 289.516
287.407 289.658
287.893 289.776
288.384 289.869
288.88 289.937
289.378 289.981
289.877 289.999
