300
300
10 10
290 290
20
7
26.92 69.236
29.329 70.027
29.888 71.633
29.927 74.626
28.393 75.944
23.709 75.85
23.593 72.626
6
132.044 142.468
145.289 149.688
145.057 159.759
135.054 162.539
129.927 160.134
125.595 148.55
6
219.539 18.055
221.164 18.489
223.923 25.343
219.901 29.629
210.858 27.666
208.664 22.1
5
182.839 48.066
196.259 56.687
190.296 60.866
182.166 60.415
178.21 56.804
7
120.117 75.524
121.689 76.702
123.026 79.232
124.117 83.095
122.62 84.3
119.152 86.458
114.583 79.806
8
109.66 159.11
116.073 162.723
115.556 178.477
113.147 178.742
104.363 178.3
96.327 173.707
98.16 168.876
103.695 160.214
6
244.339 91.773
251.91 91.833
251.121 101.355
243.576 101.774
240.386 98.661
239.014 92.683
8
57.188 130.555
60.401 135.304
61.318 149.908
56.041 153.427
52.726 151.098
44.022 144.242
42.006 134.123
43.269 131.817
7
187.488 193.833
197.125 202.694
193.488 208.516
191.828 208.085
184.078 203.598
183.645 202.884
184.673 196.283
6
201.865 109.407
215.363 115.611
215.912 118.644
212.888 123.97
201.072 119.483
201.229 116.267
10
216.472 133.509
217.098 133.854
218.195 135.022
219.085 138.643
216.735 141.966
211.567 140.811
208.615 139.212
212.811 134.296
213.285 134.005
213.82 133.895
6
89.554 81.203
91.48 82.71
92.74 89.175
85.454 96.318
79.461 95.058
77.88 90.306
5
246.417 72.193
254.908 73.097
252.83 77.237
252.514 77.669
248.08 78.791
6
243.716 258.135
248.904 268.951
237.393 280.128
235.789 280.576
226.373 270.468
234.58 262.464
7
213.171 159.585
215.141 162.46
209.479 167.199
204.408 169.154
203.781 168.235
203.087 163.059
204.766 162.449
6
88.544 207.126
100.3 218.007
98.613 219.904
94.361 220.876
84.212 222.141
79.98 213.552
5
75.101 136.723
79.05 139.274
82.333 142.716
80.103 151.447
67.722 145.835
5
35.043 190.766
35.057 191.552
35.09 197.468
33.07 197.936
30.462 193.798
7
134.552 99.458
137.046 103.69
134.587 107.388
129.268 107.503
128.001 103.632
128.041 101.228
128.177 99.611
8
103.681 41.751
107.402 46.326
113.352 57.089
106.824 64.03
104.382 66.101
89.058 58.917
89.069 53.219
90.515 45.762
