300
300
10 10
290 290
20
1
13
28.724 75.421
23.710 75.851
27.057 70.349
29.927 74.627
29.576 73.498
26.920 69.236
28.664 74.906
28.371 70.081
29.330 70.027
28.394 75.945
29.888 71.633
28.566 75.630
23.593 72.627
2
11
129.928 160.134
144.995 155.594
135.055 162.539
132.045 142.468
133.183 146.162
130.454 156.260
132.020 157.289
145.057 159.759
125.595 148.550
126.412 150.238
145.290 149.688
3
7
219.539 18.056
219.901 29.630
219.647 18.989
221.164 18.490
223.924 25.343
208.664 22.100
210.859 27.667
4
6
178.211 56.804
182.840 48.066
190.297 60.866
182.677 54.721
196.259 56.688
182.166 60.415
5
13
122.317 81.068
124.118 83.095
121.689 76.702
120.118 75.524
114.583 79.807
119.325 84.945
122.620 84.300
119.059 78.132
119.152 86.459
120.876 77.430
123.026 79.232
120.911 83.937
121.877 83.964
6
12
96.327 173.707
113.147 178.743
115.557 178.477
103.729 175.288
113.189 175.270
116.074 162.724
104.364 178.301
98.160 168.876
110.873 170.309
103.696 160.214
109.660 159.110
110.256 176.316
7
11
247.950 93.066
243.576 101.774
240.386 98.661
240.645 94.560
239.014 92.684
251.122 101.355
244.339 91.773
251.911 91.834
240.302 96.904
240.113 92.639
247.259 99.839
8
14
44.023 144.242
50.632 148.945
52.726 151.099
58.020 138.644
57.189 130.556
42.006 134.123
43.269 131.818
53.918 143.953
42.698 137.451
58.106 147.196
60.401 135.305
61.318 149.909
56.309 131.583
56.041 153.427
9
10
184.078 203.599
184.674 196.283
187.488 193.834
185.457 200.589
193.488 208.516
191.829 208.086
197.125 202.694
186.794 204.047
187.320 197.968
183.646 202.884
10
10
201.866 109.408
212.991 116.906
203.138 119.566
201.073 119.483
212.392 121.575
205.454 118.757
215.913 118.645
215.364 115.611
201.230 116.268
212.888 123.970
11
13
213.820 133.895
208.990 139.129
216.735 141.966
216.472 133.509
208.615 139.213
211.567 140.812
215.770 135.252
218.196 135.022
217.099 133.854
212.811 134.297
211.435 138.915
213.286 134.005
219.085 138.644
12
13
77.881 90.307
85.454 96.318
87.427 93.411
87.920 86.790
82.022 95.589
92.741 89.175
88.486 85.622
80.259 92.250
78.754 90.956
92.024 88.060
91.480 82.711
89.554 81.203
79.462 95.059
13
5
246.417 72.193
252.830 77.238
254.908 73.097
248.080 78.792
252.515 77.670
14
7
234.580 262.465
226.374 270.469
235.790 280.577
248.904 268.952
237.393 280.129
244.499 270.801
243.716 258.136
15
12
203.087 163.060
204.085 163.125
213.171 159.586
203.782 168.235
203.523 162.959
209.479 167.200
206.542 162.045
215.142 162.460
212.504 159.945
204.408 169.155
211.237 160.913
204.766 162.450
16
12
88.545 207.126
94.361 220.876
85.260 220.584
79.980 213.552
96.712 217.335
87.657 208.576
100.300 218.007
88.375 213.493
98.614 219.905
87.809 210.359
84.213 222.141
89.518 211.354
17
6
80.104 151.447
82.334 142.716
67.723 145.835
75.102 136.723
79.050 139.274
77.180 138.395
18
5
35.058 191.552
30.463 193.799
35.044 190.766
35.090 197.469
33.071 197.937
19
9
134.553 99.458
128.178 99.612
134.587 107.389
128.001 103.632
137.047 103.690
129.269 107.504
130.525 102.129
135.801 102.439
128.041 101.229
20
14
103.609 62.091
103.682 41.752
110.318 58.046
106.825 64.031
103.822 59.693
96.232 45.077
107.403 46.327
89.059 58.918
89.070 53.219
105.540 60.452
104.382 66.102
108.350 61.409
113.353 57.089
90.516 45.762
