10 10
10.4998 10.0125
10.9983 10.05
11.4944 10.1123
11.9867 10.1993
12.474 10.3109
12.9552 10.4466
13.429 10.6063
13.8942 10.7894
14.3497 10.9955
14.7943 11.2242
15.2269 11.4748
15.6464 11.7466
16.0519 12.0392
16.4422 12.3516
16.8164 12.6831
17.1736 13.0329
17.5128 13.4002
17.8333 13.7839
18.1342 14.1832
18.4147 14.597
18.6742 15.0243
18.9134 15.4633
19.148 15.9049
19.3826 16.3464
19.6172 16.788
19.8518 17.2295
20.0864 17.6711
20.321 18.1126
20.5556 18.5542
20.7902 18.9957
21.0248 19.4373
21.2594 19.8788
21.494 20.3203
21.7286 20.7619
21.9632 21.2034
22.1978 21.645
22.4324 22.0865
22.667 22.5281
22.9016 22.9696
23.1362 23.4112
23.3708 23.8527
23.6054 24.2943
23.84 24.7358
24.0746 25.1774
24.3092 25.6189
24.5438 26.0605
24.7783 26.502
25.0129 26.9436
25.2475 27.3851
25.4821 27.8267
25.7167 28.2682
25.9513 28.7098
26.1859 29.1513
26.4205 29.5929
26.6551 30.0344
26.8897 30.476
27.1243 30.9175
27.3589 31.3591
27.5935 31.8006
27.8281 32.2421
28.0627 32.6837
28.2973 33.1252
28.5319 33.5668
28.7665 34.0083
29.0011 34.4499
29.2357 34.8914
29.4703 35.333
29.7049 35.7745
29.9395 36.2161
30.1741 36.6576
30.4087 37.0992
30.6432 37.5407
30.8778 37.9823
31.1124 38.4238
31.347 38.8654
31.5816 39.3069
31.8162 39.7485
32.0508 40.19
32.2854 40.6316
32.52 41.0731
32.7546 41.5147
32.9892 41.9562
33.2238 42.3978
33.4584 42.8393
33.693 43.2808
33.9276 43.7224
34.1622 44.1639
34.3968 44.6055
34.6314 45.047
34.866 45.4886
35.1006 45.9301
35.3352 46.3717
35.5698 46.8132
35.8044 47.2548
36.039 47.6963
36.2736 48.1379
36.5082 48.5794
36.7428 49.021
36.9773 49.4625
37.2119 49.9041
37.4465 50.3456
37.6811 50.7872
37.9157 51.2287
38.1503 51.6703
38.3849 52.1118
38.6195 52.5534
38.8541 52.9949
39.0887 53.4365
39.3233 53.878
39.5579 54.3195
39.7925 54.7611
40.0271 55.2026
40.2617 55.6442
40.4963 56.0857
40.7309 56.5273
40.9655 56.9688
41.2001 57.4104
41.4347 57.8519
41.6693 58.2935
41.9039 58.735
42.1385 59.1766
42.3731 59.6181
42.6077 60.0597
42.8423 60.5012
43.0768 60.9428
43.3114 61.3843
43.546 61.8259
43.7806 62.2674
44.0152 62.709
44.2498 63.1505
44.4844 63.5921
44.719 64.0336
44.9536 64.4752
45.1882 64.9167
45.4228 65.3582
45.6574 65.7998
45.892 66.2413
46.1266 66.6829
46.3612 67.1244
46.5958 67.566
46.8304 68.0075
47.065 68.4491
47.2996 68.8906
47.5342 69.3322
47.7688 69.7737
48.0034 70.2153
48.238 70.6568
48.4726 71.0984
48.7072 71.5399
48.9417 71.9815
49.1763 72.423
49.4109 72.8646
49.6455 73.3061
49.8801 73.7477
50.1147 74.1892
50.3493 74.6308
50.5839 75.0723
50.8185 75.5138
51.0531 75.9554
51.2877 76.3969
51.5223 76.8385
51.7569 77.28
51.9915 77.7216
52.2261 78.1631
52.4607 78.6047
52.6953 79.0462
52.9299 79.4878
53.1645 79.9293
53.3991 80.3709
53.6337 80.8124
53.8683 81.254
54.1029 81.6955
54.3375 82.1371
54.5721 82.5786
54.8067 83.0202
55.0413 83.4617
55.2758 83.9033
55.5104 84.3448
55.745 84.7864
55.9796 85.2279
56.2142 85.6694
56.4488 86.111
56.6834 86.5525
56.918 86.9941
57.1526 87.4356
57.3872 87.8772
57.6218 88.3187
57.8564 88.7603
58.091 89.2018
58.3256 89.6434
58.5602 90.0849
58.7948 90.5265
59.0294 90.968
59.264 91.4096
59.4986 91.8511
59.7332 92.2927
59.9678 92.7342
60.2024 93.1758
60.437 93.6173
60.6716 94.0589
60.9062 94.5004
61.1408 94.942
61.3753 95.3835
61.6099 95.8251
61.8445 96.2666
62.0791 96.7082
62.3137 97.1497
62.5483 97.5912
62.7829 98.0328
63.0183 98.4739
63.2697 98.906
63.5424 99.3251
63.8357 99.7299
64.1489 100.12
64.4812 100.493
64.8317 100.85
65.1995 101.188
65.5839 101.508
65.9837 101.808
66.3981 102.088
66.8259 102.347
67.2661 102.584
67.7176 102.798
68.1793 102.99
68.6499 103.159
69.1285 103.304
69.6136 103.424
70.1042 103.521
70.599 103.592
71.0967 103.639
71.5962 103.661
71.785 103.663
72.2847 103.675
72.7833 103.713
73.2793 103.775
73.7716 103.862
74.259 103.974
74.7402 104.109
75.2139 104.269
75.6791 104.452
76.1346 104.658
76.5834 104.879
77.0322 105.099
77.4809 105.32
77.9296 105.54
78.3784 105.761
78.8271 105.981
79.2758 106.202
79.7246 106.422
80.1733 106.643
80.622 106.864
81.0708 107.084
81.5195 107.305
81.9682 107.525
82.417 107.746
82.8657 107.966
83.3144 108.187
83.7632 108.407
84.2119 108.628
84.6606 108.848
85.1094 109.069
85.5581 109.289
86.0068 109.51
86.4556 109.731
86.9043 109.951
87.353 110.172
87.8018 110.392
88.2505 110.613
88.6992 110.833
89.148 111.054
89.5967 111.274
90.0454 111.495
90.4942 111.715
90.9429 111.936
91.3916 112.157
91.8404 112.377
92.2891 112.598
92.7378 112.818
93.1866 113.039
93.6353 113.259
94.084 113.48
94.5328 113.7
94.9815 113.921
95.4302 114.141
95.879 114.362
96.3277 114.582
96.7764 114.803
97.2252 115.024
97.6739 115.244
98.1226 115.465
98.5714 115.685
99.0201 115.906
99.4688 116.126
99.9176 116.347
100.366 116.567
100.815 116.788
101.264 117.008
101.712 117.229
102.161 117.45
102.61 117.67
103.059 117.891
103.507 118.111
103.956 118.332
104.405 118.552
104.854 118.773
105.302 118.993
105.751 119.214
106.2 119.434
106.649 119.655
107.097 119.876
107.546 120.096
107.995 120.317
108.443 120.537
108.892 120.758
109.341 120.978
109.79 121.199
110.238 121.419
110.687 121.64
111.136 121.86
111.585 122.081
112.033 122.301
112.482 122.522
112.931 122.743
113.38 122.963
113.828 123.184
114.277 123.404
114.726 123.625
115.174 123.845
115.623 124.066
116.072 124.286
116.521 124.507
116.969 124.727
117.418 124.948
117.867 125.169
118.316 125.389
118.764 125.61
119.213 125.83
119.662 126.051
120.111 126.271
120.559 126.492
121.008 126.712
121.457 126.933
121.905 127.153
122.354 127.374
122.803 127.594
123.252 127.815
123.7 128.036
124.149 128.256
124.598 128.477
125.047 128.697
125.495 128.918
125.944 129.138
126.396 129.352
126.858 129.544
127.328 129.712
127.807 129.857
128.292 129.978
128.783 130.074
129.278 130.145
129.775 130.192
130.275 130.214
130.461 130.216
130.96 130.228
131.459 130.265
131.955 130.328
132.447 130.415
132.935 130.526
133.416 130.662
133.89 130.822
134.355 131.005
134.81 131.211
135.255 131.44
135.687 131.69
136.107 131.962
136.513 132.254
136.915 132.552
137.316 132.85
137.718 133.147
138.12 133.445
138.521 133.743
138.923 134.04
139.325 134.338
139.726 134.636
140.128 134.934
140.53 135.231
140.932 135.529
141.333 135.827
141.735 136.124
142.137 136.422
142.538 136.72
142.94 137.018
143.342 137.315
143.743 137.613
144.145 137.911
144.547 138.208
144.949 138.506
145.35 138.804
145.752 139.102
146.154 139.399
146.555 139.697
146.957 139.995
147.359 140.292
147.761 140.59
148.162 140.888
148.564 141.186
148.966 141.483
149.367 141.781
149.773 142.073
150.192 142.345
150.625 142.596
151.069 142.826
151.524 143.032
151.989 143.216
152.463 143.376
152.944 143.512
153.431 143.624
153.924 143.711
154.42 143.774
154.918 143.812
155.418 143.825
155.427 143.825
155.927 143.837
156.425 143.875
156.921 143.937
157.414 144.024
157.901 144.136
158.382 144.272
158.856 144.431
159.321 144.614
159.777 144.82
160.221 145.049
160.654 145.3
161.073 145.572
161.479 145.864
161.869 146.177
162.243 146.508
162.6 146.858
162.94 147.225
163.26 147.609
163.569 148.002
163.878 148.395
164.187 148.789
164.495 149.182
164.804 149.575
165.113 149.968
165.422 150.362
165.73 150.755
166.039 151.148
166.348 151.541
166.657 151.935
166.965 152.328
167.274 152.721
167.583 153.115
167.892 153.508
168.201 153.901
168.509 154.294
168.818 154.688
169.127 155.081
169.436 155.474
169.744 155.867
170.053 156.261
170.362 156.654
170.671 157.047
170.98 157.44
171.288 157.834
171.597 158.227
171.906 158.62
172.215 159.014
172.523 159.407
172.832 159.8
173.141 160.193
173.45 160.587
173.758 160.98
174.067 161.373
174.376 161.766
174.685 162.16
174.994 162.553
175.302 162.946
175.611 163.339
175.92 163.733
176.229 164.126
176.537 164.519
176.846 164.913
177.155 165.306
177.464 165.699
177.773 166.092
178.081 166.486
178.39 166.879
178.699 167.272
179.008 167.665
179.316 168.059
179.625 168.452
179.934 168.845
180.243 169.239
180.551 169.632
180.86 170.025
181.169 170.418
181.478 170.812
181.787 171.205
182.095 171.598
182.404 171.991
182.713 172.385
183.022 172.778
183.33 173.171
183.639 173.564
183.948 173.958
184.257 174.351
184.565 174.744
184.874 175.138
185.183 175.531
185.492 175.924
185.801 176.317
186.109 176.711
186.418 177.104
186.727 177.497
187.036 177.89
187.344 178.284
187.653 178.677
187.962 179.07
188.271 179.463
188.58 179.857
188.888 180.25
189.197 180.643
189.506 181.037
189.815 181.43
190.123 181.823
190.432 182.216
190.741 182.61
191.05 183.003
191.358 183.396
191.667 183.789
191.976 184.183
192.285 184.576
192.594 184.969
192.902 185.363
193.211 185.756
193.52 186.149
193.829 186.542
194.137 186.936
194.446 187.329
194.755 187.722
195.064 188.115
195.373 188.509
195.681 188.902
195.99 189.295
196.299 189.688
196.608 190.082
196.916 190.475
197.225 190.868
197.534 191.262
197.843 191.655
198.151 192.048
198.46 192.441
198.769 192.835
199.078 193.228
199.387 193.621
199.695 194.014
200.004 194.408
200.313 194.801
200.622 195.194
200.93 195.587
201.239 195.981
201.548 196.374
201.857 196.767
202.166 197.161
202.486 197.545
202.825 197.912
203.181 198.262
203.555 198.594
203.945 198.907
204.351 199.2
204.77 199.472
205.202 199.723
205.647 199.952
206.102 200.159
206.567 200.342
207.041 200.502
207.522 200.638
208.009 200.75
208.501 200.838
208.997 200.901
209.496 200.938
209.995 200.951
210.004 200.951
210.504 200.964
211.003 201.001
211.499 201.064
211.991 201.151
212.478 201.262
212.96 201.398
213.433 201.558
213.899 201.741
214.354 201.947
214.799 202.176
215.231 202.426
215.651 202.698
216.056 202.991
216.447 203.303
216.821 203.635
217.178 203.984
217.517 204.352
217.838 204.735
218.148 205.128
218.457 205.52
218.767 205.913
219.077 206.305
219.387 206.698
219.697 207.09
220.006 207.482
220.316 207.875
220.626 208.267
220.936 208.66
221.246 209.052
221.556 209.445
221.865 209.837
222.175 210.229
222.485 210.622
222.795 211.014
223.105 211.407
223.415 211.799
223.724 212.192
224.034 212.584
224.344 212.977
224.654 213.369
224.964 213.761
225.274 214.154
225.583 214.546
225.893 214.939
226.203 215.331
226.513 215.724
226.823 216.116
227.133 216.508
227.442 216.901
227.752 217.293
228.062 217.686
228.372 218.078
228.682 218.471
228.992 218.863
229.301 219.255
229.611 219.648
229.921 220.04
230.231 220.433
230.541 220.825
230.85 221.218
231.16 221.61
231.47 222.003
231.78 222.395
232.09 222.787
232.4 223.18
232.709 223.572
233.019 223.965
233.329 224.357
233.639 224.75
233.949 225.142
234.259 225.534
234.568 225.927
234.878 226.319
235.188 226.712
235.498 227.104
235.808 227.497
236.118 227.889
236.427 228.282
236.737 228.674
237.047 229.066
237.357 229.459
237.667 229.851
237.977 230.244
238.286 230.636
238.596 231.029
238.906 231.421
239.216 231.813
239.526 232.206
239.835 232.598
240.145 232.991
240.455 233.383
240.765 233.776
241.075 234.168
241.385 234.561
241.694 234.953
242.004 235.345
242.314 235.738
242.624 236.13
242.934 236.523
243.244 236.915
243.553 237.308
243.863 237.7
244.173 238.092
244.483 238.485
244.793 238.877
245.103 239.27
245.412 239.662
245.722 240.055
246.032 240.447
246.342 240.839
246.652 241.232
246.962 241.624
247.271 242.017
247.581 242.409
247.891 242.802
248.201 243.194
248.511 243.587
248.821 243.979
249.13 244.371
249.44 244.764
249.75 245.156
250.06 245.549
250.37 245.941
250.679 246.334
250.989 246.726
251.299 247.118
251.609 247.511
251.919 247.903
252.229 248.296
252.538 248.688
252.848 249.081
253.158 249.473
253.468 249.866
253.778 250.258
254.088 250.65
254.397 251.043
254.707 251.435
255.017 251.828
255.327 252.22
255.637 252.613
255.947 253.005
256.256 253.397
256.566 253.79
256.876 254.182
257.186 254.575
257.496 254.967
257.806 255.36
258.115 255.752
258.425 256.145
258.735 256.537
259.045 256.929
259.355 257.322
259.664 257.714
259.974 258.107
260.284 258.499
260.594 258.892
260.904 259.284
261.214 259.676
261.523 260.069
261.833 260.461
262.143 260.854
262.453 261.246
262.763 261.639
263.073 262.031
263.382 262.424
263.692 262.816
264.002 263.208
264.312 263.601
264.622 263.993
264.932 264.386
265.241 264.778
265.551 265.171
265.861 265.563
266.171 265.955
266.481 266.348
266.791 266.74
267.1 267.133
267.41 267.525
267.72 267.918
268.03 268.31
268.34 268.703
268.65 269.095
268.959 269.487
269.269 269.88
269.579 270.272
269.889 270.665
270.199 271.057
270.508 271.45
270.818 271.842
271.128 272.234
271.438 272.627
271.748 273.019
272.058 273.412
272.367 273.804
272.677 274.197
272.987 274.589
273.297 274.981
273.607 275.374
273.917 275.766
274.226 276.159
274.536 276.551
274.846 276.944
275.156 277.336
275.466 277.729
275.776 278.121
276.085 278.513
276.395 278.906
276.705 279.298
277.015 279.691
277.325 280.083
277.635 280.476
277.944 280.868
278.254 281.26
278.564 281.653
278.874 282.045
279.184 282.438
279.493 282.83
279.803 283.223
280.113 283.615
280.423 284.008
280.733 284.4
281.043 284.792
281.352 285.185
281.662 285.577
281.972 285.97
282.284 286.361
282.611 286.738
282.957 287.099
283.321 287.442
283.701 287.767
284.097 288.072
284.508 288.357
284.933 288.621
285.37 288.863
285.819 289.084
286.278 289.281
286.746 289.456
287.223 289.607
287.707 289.733
288.196 289.836
288.69 289.914
289.187 289.967
289.686 289.995
