0 58.721 0 0 0 75.7669 58.7906 49.8429 0 0 0 0 0 0 0 0 0 195.294 185.728 209.054 0 0 0 0 170.757 0 0 0 0 0 0 0 0 0 0 0 0 0 0 0 0 0 0 0 0 0 0 0 0 0 0 0 0 0 0 0 0 0 0 0 0 0 0 0 0 0 0 0 0 0 0 0 0 0 0 0 0 0 0 0 112.206 95.1138 0 0 0 0 0 0 0 0 0 0 0 0 0 0 0 0 0 0 0 0 0 0 0 0 0 143.045 154.3 0 0 129.76 0 0 0 180.984 0 0 0 0 0 0 0 0 0 0 0 0 88.441 80.9675 77.0889 99.2795 0 
58.721 0 8.26988 0 0 0 0 13.6953 0 0 0 0 0 0 0 0 0 0 0 0 0 0 0 0 0 0 0 0 0 0 0 0 0 0 0 0 0 0 0 0 0 0 0 0 0 0 0 0 0 0 0 0 0 63.1592 0 0 0 0 0 0 0 0 0 0 0 0 0 0 0 0 0 0 0 0 0 0 0 0 0 0 54.1277 38.1001 0 0 0 0 0 0 0 0 0 0 0 0 0 0 0 0 0 0 0 0 0 0 0 0 0 84.6045 95.9649 0 0 71.0754 0 0 0 0 0 0 0 0 0 0 0 0 0 0 0 0 42.0202 43.0582 50.7885 0 0 
0 8.26988 0 9.28827 0 0 0 0 0 0 0 0 0 0 0 0 0 0 0 0 0 0 0 0 0 0 0 0 0 0 0 0 0 0 0 0 0 0 0 106.385 0 0 0 0 0 0 0 0 0 0 0 0 0 54.9141 0 0 0 0 0 0 0 0 0 0 0 0 0 0 0 0 0 0 0 0 0 0 0 0 0 0 46.4774 31.2495 0 0 0 0 0 0 0 0 0 0 0 0 0 0 0 0 0 0 0 0 0 0 0 0 0 76.6732 88.0754 0 0 62.9799 0 0 0 0 0 0 0 0 0 0 0 0 0 0 0 0 39.4503 42.9868 52.7408 0 0 
0 0 9.28827 0 10.5141 0 0 0 0 0 0 0 99.5372 0 0 0 0 0 0 0 0 0 0 0 0 0 0 0 0 0 0 0 0 0 0 0 0 0 0 99.6201 0 0 0 0 0 0 0 0 0 0 0 54.0156 43.2716 46.5218 0 0 0 0 0 0 0 0 0 0 0 0 0 0 0 0 0 0 0 0 0 0 0 0 0 0 40.1394 27.255 0 0 0 0 0 0 0 0 0 0 0 0 0 0 0 0 0 0 0 0 0 0 0 0 0 69.3478 80.817 0 0 55.2237 0 0 0 114.074 0 0 0 0 0 0 0 0 0 0 0 0 41.4581 47.4566 58.7434 0 0 
0 0 0 10.5141 0 17.9603 0 0 0 0 0 0 101.408 107.914 0 0 0 0 0 0 0 0 0 0 0 0 0 0 0 0 0 0 0 0 0 0 0 0 0 101.104 0 0 0 0 0 0 0 0 0 0 0 46.4939 36.6694 45.4763 0 0 0 0 0 0 0 0 0 0 0 0 0 0 0 0 0 0 0 0 0 0 0 0 0 0 43.5108 34.1581 0 0 0 0 0 0 0 0 0 0 0 0 0 0 0 0 0 0 0 0 0 0 0 0 0 70.1976 0 0 0 55.4943 0 0 0 105.938 0 0 0 0 0 0 0 0 0 0 0 0 51.4079 57.9218 0 0 0 
75.7669 0 0 0 17.9603 0 16.9796 0 0 0 0 0 116.577 124.641 0 0 0 0 0 0 0 0 0 0 0 0 0 0 0 0 0 0 0 0 0 0 0 0 0 0 0 0 0 0 0 0 0 0 0 0 67.4686 0 43.2969 59.1441 0 0 0 0 0 0 0 0 0 0 0 0 0 0 0 0 0 204.451 187.628 0 0 0 0 0 0 0 60.472 0 0 0 0 0 0 0 0 0 0 0 0 0 0 0 0 0 0 199.142 0 0 0 0 0 0 0 0 0 0 0 70.0039 0 0 0 105.234 0 0 0 0 0 0 0 0 0 0 0 0 0 0 0 0 0 
58.7906 0 0 0 0 16.9796 0 15.2627 0 0 0 0 0 0 0 0 0 0 0 0 0 0 0 0 0 0 0 0 0 0 0 0 0 0 0 0 0 0 0 0 0 0 0 0 0 0 0 0 0 0 0 0 0 0 0 0 0 0 0 0 0 0 0 0 0 0 0 0 0 0 0 0 0 0 0 0 0 0 0 0 0 0 0 0 0 0 0 0 0 0 0 0 0 0 0 0 0 0 0 0 0 0 0 0 0 0 0 0 0 0 0 0 0 0 0 122.213 0 0 0 0 0 0 0 0 0 0 0 0 0 0 0 0 0 
49.8429 13.6953 0 0 0 0 15.2627 0 0 0 0 0 0 0 0 0 0 0 0 0 0 0 0 0 0 0 0 0 0 0 0 0 0 0 0 0 0 0 0 0 0 0 0 0 0 0 0 0 0 0 0 0 0 0 0 0 0 0 0 0 0 0 0 0 0 0 0 0 0 0 0 0 0 0 0 0 0 0 0 0 0 0 0 0 0 0 0 0 0 0 0 0 0 0 0 0 0 0 0 0 0 0 0 0 0 0 0 0 0 0 0 0 0 0 0 0 0 0 0 0 0 0 0 0 0 0 0 0 55.4161 55.2147 61.0253 0 0 
0 0 0 0 0 0 0 0 0 23.5885 0 0 0 28.4347 0 0 0 0 0 0 105.405 82.0004 77.0216 85.4825 0 0 0 0 0 0 0 0 0 0 0 0 0 0 0 0 0 0 0 0 0 0 0 0 0 0 0 0 0 0 79.0072 0 0 0 63.653 51.3371 48.7713 0 0 0 39.4344 45.6291 62.1942 0 0 0 0 52.9951 37.5984 0 0 0 0 0 0 76.1734 0 0 0 0 0 0 0 0 0 0 0 0 0 0 0 0 58.7254 47.8659 38.7781 46.9421 0 0 0 0 0 0 0 0 0 0 0 0 0 0 0 0 0 40.3555 30.6968 42.3933 0 0 0 0 0 0 0 0 0 0 0 0 0 
0 0 0 0 0 0 0 0 23.5885 0 21.5072 0 0 0 0 0 0 0 0 0 0 103.703 99.9285 108.982 0 0 0 0 0 0 0 0 0 35.7723 0 0 0 0 0 0 0 0 0 0 0 0 0 0 0 0 0 0 0 0 0 0 0 0 41.7699 31.3389 35.2742 0 0 0 54.577 63.3263 82.4352 0 0 0 0 55.841 0 0 0 0 0 0 0 0 0 0 0 0 0 0 0 0 0 0 0 0 0 0 0 0 0 39.5588 38.8133 48.752 0 64.3434 0 0 0 0 0 0 0 0 0 0 0 0 0 0 0 0 0 0 0 0 0 0 0 0 0 0 0 0 0 0 0 
0 0 0 0 0 0 0 0 0 21.5072 0 0 0 0 0 0 0 0 0 0 0 0 0 0 0 0 0 0 0 0 0 0 0 16.8434 0 0 0 0 0 0 0 0 0 0 0 0 0 0 0 0 0 0 0 0 0 0 0 57.0312 50.3405 44.9415 53.9984 0 0 0 0 0 0 0 0 0 0 0 0 0 0 0 0 0 0 0 0 0 0 0 0 0 0 0 0 0 0 124.591 0 0 0 0 66.9508 60.0363 0 0 0 48.4272 0 0 0 0 0 0 0 0 0 0 0 0 0 0 0 0 0 0 0 0 0 0 0 0 0 0 0 0 0 0 0 
0 0 0 0 0 0 0 0 0 0 0 0 0 0 0 0 0 0 0 0 0 0 0 0 0 0 0 0 0 0 0 0 0 0 0 0 0 0 0 0 0 0 0 0 0 0 0 0 0 0 0 0 0 0 0 0 0 0 0 0 0 0 0 0 0 0 0 0 0 0 0 0 0 0 0 0 0 0 0 0 0 0 0 0 0 0 0 0 0 0 0 0 0 0 0 0 0 0 0 0 0 0 0 0 0 0 0 0 0 0 0 0 0 0 0 0 0 0 0 0 0 0 0 0 0 0 0 0 0 0 0 0 0 
0 0 0 99.5372 101.408 116.577 0 0 0 0 0 0 0 22.7607 0 0 0 0 0 0 0 109.002 0 0 0 0 0 0 0 45.8974 69.3647 0 0 0 0 0 0 0 17.1482 3.73896 0 0 0 0 0 0 0 0 0 0 0 0 0 0 0 0 0 0 0 0 0 0 0 0 0 0 0 0 0 0 0 0 0 0 0 0 0 0 54.2746 46.1576 59.5992 0 0 0 0 0 0 0 0 0 0 0 0 0 0 0 0 0 0 0 0 0 0 0 0 0 0 31.8331 21.3712 0 0 46.641 0 0 0 0 0 0 38.703 29.3312 40.8886 45.2948 0 0 0 0 0 0 0 0 0 0 0 
0 0 0 0 107.914 124.641 0 0 28.4347 0 0 0 22.7607 0 0 0 0 0 0 0 111.677 86.2417 76.5953 0 0 0 0 0 0 0 0 0 0 0 0 0 0 0 38.9684 0 0 0 0 0 0 0 0 0 0 0 0 0 0 69.0479 0 0 0 0 0 0 0 0 0 0 60.3991 62.5311 72.2405 0 0 0 0 80.1182 63.649 0 0 0 0 0 46.2733 47.7388 64.404 0 0 0 0 0 0 124.043 0 0 0 0 0 0 0 0 0 0 66.9799 74.5704 0 0 0 0 0 0 0 45.0098 38.2925 0 0 57.8751 0 0 0 0 0 0 16.0921 15.0999 0 0 0 0 0 0 0 0 0 0 0 0 0 
0 0 0 0 0 0 0 0 0 0 0 0 0 0 0 18.771 0 0 0 9.86828 0 0 0 0 0 0 0 0 0 0 0 0 0 0 0 0 0 0 0 0 0 0 0 0 0 0 0 0 0 0 0 0 0 0 0 0 0 0 0 0 0 0 0 0 0 0 0 0 0 0 0 0 0 0 0 0 0 0 0 0 0 0 0 68.7025 0 0 0 0 0 0 0 0 0 0 0 0 0 0 0 0 0 0 0 0 0 0 0 0 0 0 0 0 0 0 0 0 0 0 0 0 0 0 0 0 0 0 0 0 0 0 0 0 0 
0 0 0 0 0 0 0 0 0 0 0 0 0 0 18.771 0 17.9269 0 0 0 35.8673 0 0 0 0 0 0 0 0 0 0 0 0 0 0 0 0 0 0 0 0 0 0 0 57.734 0 0 0 0 0 0 0 0 0 0 0 0 0 0 0 0 0 0 0 0 0 79.184 0 0 0 0 0 0 0 0 0 0 0 0 0 0 0 0 50.8613 0 0 0 33.2846 0 0 0 0 0 0 0 0 0 0 0 0 0 0 0 0 0 0 0 0 0 0 0 0 0 0 0 0 0 0 0 0 0 0 0 0 0 0 0 0 0 0 0 0 0 
0 0 0 0 0 0 0 0 0 0 0 0 0 0 0 17.9269 0 20.263 0 0 18.175 0 0 0 44.7468 0 0 0 0 0 0 0 0 0 0 0 0 0 0 0 0 0 0 0 44.1507 0 0 0 0 0 0 0 0 0 0 0 0 0 0 0 0 68.1048 79.8862 0 0 0 61.6683 0 89.572 100.302 0 0 0 0 0 0 0 0 0 0 0 0 0 52.813 0 0 0 22.4303 0 0 0 0 0 0 0 0 0 0 0 0 0 0 0 0 0 0 0 0 0 0 0 0 0 0 0 0 0 0 0 0 0 0 0 0 0 0 0 0 0 0 0 0 0 
195.294 0 0 0 0 0 0 0 0 0 0 0 0 0 0 0 20.263 0 21.5225 0 22.6935 0 0 0 24.5516 0 0 0 0 0 0 0 0 0 0 0 0 0 0 0 0 0 0 0 0 0 0 0 0 0 0 0 0 0 0 0 0 0 0 0 0 0 0 0 0 0 0 0 0 0 0 0 0 0 0 0 0 0 0 0 0 0 0 72.5834 0 0 0 38.455 0 0 0 0 0 0 0 0 0 0 0 0 0 0 0 0 0 0 0 0 0 0 0 0 0 0 0 0 0 0 0 0 0 0 0 0 0 0 0 0 0 0 0 0 0 
185.728 0 0 0 0 0 0 0 0 0 0 0 0 0 0 0 0 21.5225 0 24.9857 0 0 0 0 24.066 85.2353 86.6495 0 0 0 0 0 0 0 0 0 0 0 0 0 0 0 0 0 0 0 0 0 0 0 0 0 0 0 0 0 0 0 0 0 0 0 0 0 0 0 0 0 0 0 0 0 0 0 0 0 0 0 0 0 0 0 0 0 0 0 0 0 0 0 0 0 0 0 0 0 0 0 0 0 0 0 0 0 0 0 0 0 0 0 0 0 0 0 0 0 0 0 0 0 0 0 0 0 83.5496 81.8058 0 0 0 0 0 89.5171 0 
209.054 0 0 0 0 0 0 0 0 0 0 0 0 0 9.86828 0 0 0 24.9857 0 0 0 0 0 0 0 0 0 0 0 0 0 0 0 0 0 0 0 0 0 0 0 0 0 0 0 0 0 0 0 0 0 0 0 0 0 0 0 0 0 0 0 0 0 0 0 0 0 0 0 0 0 0 0 0 0 0 0 0 0 0 0 0 0 0 0 0 0 0 0 0 0 0 0 0 0 0 0 0 0 0 0 0 0 0 0 0 0 0 0 0 0 0 0 0 0 0 0 0 0 0 0 0 0 108.501 0 0 0 0 0 0 114.114 0 
0 0 0 0 0 0 0 0 105.405 0 0 0 0 111.677 0 35.8673 18.175 22.6935 0 0 0 25.6426 0 0 41.7246 0 0 0 0 0 0 0 0 0 0 0 0 0 0 0 0 0 0 50.4259 31.0038 0 0 0 0 0 0 0 0 0 0 0 0 0 0 0 0 53.3359 0 0 0 0 43.4964 0 0 0 0 0 0 0 0 0 0 0 0 0 0 0 0 56.7409 0 0 0 19.5202 219.834 0 0 0 0 0 0 0 0 0 0 0 0 0 0 0 0 0 0 0 0 0 0 0 0 0 0 0 0 0 0 0 0 0 0 0 0 0 0 0 0 0 0 0 245.661 
0 0 0 0 0 0 0 0 82.0004 103.703 0 0 109.002 86.2417 0 0 0 0 0 0 25.6426 0 15.1676 0 0 63.7257 61.0003 59.7605 0 0 0 0 0 0 0 0 0 0 0 0 0 0 61.9973 50.221 36.329 0 0 0 0 0 0 0 0 0 0 0 0 0 135.388 121.413 109.514 48.8246 0 0 55.2651 44.5651 23.3814 0 0 0 0 0 0 0 0 0 0 0 0 0 0 0 0 0 0 0 0 41.3229 0 0 0 0 0 0 0 0 0 0 0 0 0 0 0 0 0 0 0 0 0 0 0 0 0 0 0 0 0 55.2672 70.4626 0 0 0 0 56.077 0 0 0 0 0 0 0 0 0 
0 0 0 0 0 0 0 0 77.0216 99.9285 0 0 0 76.5953 0 0 0 0 0 0 0 15.1676 0 16.6645 0 48.5738 45.9988 45.6206 0 0 0 0 0 0 0 0 0 0 0 0 0 0 74.5129 62.9374 50.9255 0 0 0 0 0 0 0 0 0 0 0 0 0 134.83 120.965 110.633 60.1531 0 0 57.4651 47.2429 28.5725 0 0 0 0 0 73.4503 0 0 0 0 0 0 0 0 0 0 0 0 0 0 0 0 0 0 0 0 0 0 0 0 102.982 87.3446 0 0 0 0 0 0 0 0 0 0 0 0 0 0 0 0 0 0 44.6809 60.515 0 0 0 0 42.4223 68.959 53.6869 0 0 0 0 0 81.357 0 
0 0 0 0 0 0 0 0 85.4825 108.982 0 0 0 0 0 0 0 0 0 0 0 0 16.6645 0 28.5102 37.9198 37.2526 41.0354 0 0 0 0 0 0 0 0 0 0 0 0 0 0 0 0 0 0 0 0 0 0 0 0 0 0 0 0 0 0 146.168 132.518 123.412 0 0 0 71.7728 62.0781 44.8488 0 0 0 0 0 87.4992 0 0 0 0 0 0 0 0 0 0 0 0 0 0 0 0 0 0 0 0 0 0 0 0 116.471 100.944 0 0 0 0 0 0 0 0 0 0 0 0 0 0 0 0 0 0 48.1104 0 0 0 0 0 39.6824 53.2534 40.1183 0 0 0 0 0 65.2241 0 
170.757 0 0 0 0 0 0 0 0 0 0 0 0 0 0 0 44.7468 24.5516 24.066 0 41.7246 0 0 28.5102 0 61.4568 62.6462 0 0 0 0 0 0 0 0 0 0 0 0 0 0 0 0 0 0 0 0 0 0 0 0 0 0 0 0 0 0 0 0 0 0 0 0 0 0 0 0 0 0 0 0 0 0 0 0 0 0 0 0 0 0 0 0 0 0 0 0 60.4635 0 0 0 0 0 0 0 0 0 0 0 0 0 0 0 0 0 0 0 0 0 0 0 0 0 0 0 0 0 0 0 0 0 0 0 67.8174 63.7494 0 0 0 0 0 0 71.9837 0 
0 0 0 0 0 0 0 0 0 0 0 0 0 0 0 0 0 0 85.2353 0 0 63.7257 48.5738 37.9198 61.4568 0 6.16483 0 0 0 0 0 0 0 0 0 0 0 0 0 0 0 117.971 107.254 98.5015 0 0 0 0 0 0 0 0 0 153.689 0 0 0 0 0 0 0 0 0 83.1293 76.7299 68.233 0 0 0 0 0 96.0595 0 0 0 0 0 0 0 0 0 0 0 0 0 0 0 0 0 0 0 0 0 0 0 0 120.679 106.68 109.838 0 0 0 0 0 0 0 0 0 0 0 0 0 0 0 0 0 39.095 0 0 0 0 0 22.0466 0 12.0476 0 0 0 0 0 0 0 
0 0 0 0 0 0 0 0 0 0 0 0 0 0 0 0 0 0 86.6495 0 0 61.0003 45.9988 37.2526 62.6462 6.16483 0 11.6831 0 0 0 0 0 0 0 0 0 0 0 0 0 0 0 102.894 94.9768 0 0 0 0 0 0 0 0 0 147.538 0 0 0 0 0 0 0 0 0 77.3494 71.228 63.725 0 0 0 0 0 90.0773 0 0 0 0 0 0 0 0 0 0 0 0 0 0 0 0 0 0 0 0 0 0 0 0 114.535 100.58 103.842 0 0 0 0 0 0 0 0 0 0 0 0 0 0 0 0 0 0 0 0 0 0 0 15.8836 0 18.1598 0 0 0 0 0 0 0 
0 0 0 0 0 0 0 0 0 0 0 0 0 0 0 0 0 0 0 0 0 59.7605 45.6206 41.0354 0 0 11.6831 0 0 0 0 0 0 0 0 0 0 0 0 0 0 0 0 0 91.3882 0 0 0 0 0 0 0 0 0 0 0 0 0 0 0 0 0 0 0 0 62.729 58.1834 0 0 0 0 0 0 0 0 0 0 0 0 0 0 0 0 0 0 0 0 101.081 0 0 0 0 0 0 0 0 0 0 0 0 0 0 0 0 0 0 0 0 0 0 0 0 0 0 0 0 0 0 0 0 0 0 0 5.31563 0 0 0 0 0 0 0 0 0 
0 0 0 0 0 0 0 0 0 0 0 0 0 0 0 0 0 0 0 0 0 0 0 0 0 0 0 0 0 0 0 0 0 0 0 0 0 0 0 0 0 0 0 0 0 0 0 0 0 0 0 0 0 0 0 0 0 0 0 0 0 0 0 0 0 0 0 0 0 0 0 0 0 0 0 0 0 0 0 0 0 0 0 0 0 0 0 0 0 0 0 0 0 0 0 0 0 0 0 0 0 0 0 0 0 0 0 0 0 0 0 0 0 0 0 0 0 0 0 0 0 0 0 0 0 0 0 0 0 0 0 0 0 
0 0 0 0 0 0 0 0 0 0 0 0 45.8974 0 0 0 0 0 0 0 0 0 0 0 0 0 0 0 0 0 27.0765 0 0 0 0 0 0 69.8529 54.4875 48.8662 0 0 0 0 0 0 0 0 0 0 0 0 82.3504 57.7548 0 0 0 0 0 0 0 0 0 0 0 0 0 0 0 0 0 0 0 0 0 0 0 0 0 28.6097 0 0 0 0 0 0 0 0 0 0 0 0 0 0 0 0 0 0 0 0 0 0 0 0 0 120.898 0 44.1039 45.9532 71.8122 0 49.2763 0 0 0 0 0 0 0 0 5.40754 1.87518 0 0 0 0 0 0 0 0 0 0 0 
0 0 0 0 0 0 0 0 0 0 0 0 69.3647 0 0 0 0 0 0 0 0 0 0 0 0 0 0 0 0 27.0765 0 0 0 0 0 0 0 0 0 0 0 0 0 0 0 0 0 0 0 0 0 0 0 0 0 0 0 0 0 0 0 0 0 0 0 0 0 0 0 0 0 0 0 0 0 0 0 0.681453 15.0921 0 0 0 0 0 0 0 0 0 0 0 0 0 0 0 0 0 0 0 0 0 0 0 0 0 0 0 0 0 0 0 0 0 0 0 0 0 0 0 0 45.1985 32.294 0 0 0 0 0 0 0 0 0 0 0 0 
0 0 0 0 0 0 0 0 0 0 0 0 0 0 0 0 0 0 0 0 0 0 0 0 0 0 0 0 0 0 0 0 0 0 0 0 0 0 0 0 0 0 0 0 0 0 0 0 0 0 0 0 0 0 0 0 0 0 0 0 0 0 0 0 0 0 0 0 0 0 0 0 0 0 0 0 0 0 0 0 0 0 0 0 0 0 0 0 0 0 0 0 0 0 0 0 0 0 0 0 0 0 0 0 0 0 0 0 0 0 0 0 0 0 0 0 0 0 0 0 0 0 0 0 0 0 0 0 0 0 0 0 0 
0 0 0 0 0 0 0 0 0 0 0 0 0 0 0 0 0 0 0 0 0 0 0 0 0 0 0 0 0 0 0 0 0 0 0 0 0 0 0 0 0 0 0 0 0 0 0 0 0 0 0 0 0 0 0 0 0 0 0 0 0 0 0 0 0 0 0 0 0 0 0 0 0 0 0 0 0 0 0 0 0 0 0 0 0 0 0 0 0 0 0 0 0 0 0 0 0 0 0 0 0 0 0 0 0 0 0 0 0 0 0 0 0 0 0 0 0 0 0 0 0 0 0 0 0 0 0 0 0 0 0 0 0 
0 0 0 0 0 0 0 0 0 35.7723 16.8434 0 0 0 0 0 0 0 0 0 0 0 0 0 0 0 0 0 0 0 0 0 0 0 11.8954 0 0 0 0 0 0 0 0 0 0 0 0 0 0 0 0 0 0 0 0 0 69.5089 56.6953 51.0234 50.2216 62.8021 0 0 0 0 0 0 0 0 0 0 0 81.5024 0 0 0 0 0 0 0 0 0 0 0 0 0 0 0 0 0 149.725 120.102 123.137 0 0 0 0 70.6523 73.7039 0 0 31.8128 0 0 0 0 36.6603 0 0 0 0 0 0 0 0 0 0 0 0 0 0 0 0 0 0 0 0 0 0 0 0 0 0 
0 0 0 0 0 0 0 0 0 0 0 0 0 0 0 0 0 0 0 0 0 0 0 0 0 0 0 0 0 0 0 0 0 11.8954 0 11.9825 0 0 0 0 0 0 0 0 0 0 0 0 0 0 0 0 0 0 0 0 79.865 67.1922 61.9116 61.9568 0 0 0 0 0 0 0 0 0 0 0 0 0 0 0 0 0 0 0 0 0 0 0 0 0 0 0 0 0 0 157.563 128.107 132.585 146.166 0 0 0 0 0 0 0 28.57 0 0 0 0 24.8116 0 0 0 0 0 68.4374 0 0 0 0 0 0 0 0 0 0 0 0 0 0 0 0 0 0 0 0 
0 0 0 0 0 0 0 0 0 0 0 0 0 0 0 0 0 0 0 0 0 0 0 0 0 0 0 0 0 0 0 0 0 0 11.9825 0 20.1899 0 0 0 0 0 0 0 0 0 0 0 50.8865 0 0 0 0 0 0 0 91.3281 78.7591 73.6646 0 0 0 0 0 0 0 0 0 0 0 0 0 0 0 0 0 0 0 0 0 0 0 0 0 0 0 0 0 0 0 167.171 137.918 143.395 157.501 0 0 0 0 0 0 0 31.8503 0 0 0 0 13.6293 0 0 0 0 0 56.5125 58.9186 0 0 58.915 0 0 0 0 0 0 0 0 0 0 0 0 0 0 0 0 
0 0 0 0 0 0 0 0 0 0 0 0 0 0 0 0 0 0 0 0 0 0 0 0 0 0 0 0 0 0 0 0 0 0 0 20.1899 0 14.7461 0 0 0 0 0 0 0 0 0 0 30.7539 0 0 0 0 0 0 0 0 0 0 0 0 0 0 0 0 0 0 0 0 0 0 0 0 0 0 0 0 0 0 0 0 0 0 0 0 0 0 0 0 0 187.16 157.987 0 0 0 0 0 0 0 0 0 49.5532 0 0 0 36.3906 16.8183 0 0 12.9951 0 0 41.0941 47.4266 0 0 39.6523 0 0 0 0 0 0 0 0 0 0 0 0 0 0 0 0 
0 0 0 0 0 0 0 0 0 0 0 0 0 0 0 0 0 0 0 0 0 0 0 0 0 0 0 0 0 69.8529 0 0 0 0 0 0 14.7461 0 15.6538 0 0 0 0 0 0 0 0 0 0 0 0 0 0 0 0 0 0 0 0 0 0 0 0 0 0 0 0 0 0 0 0 0 0 0 0 0 0 0 73.2462 0 0 0 0 0 0 0 0 0 0 0 0 0 0 0 0 0 0 0 0 0 0 0 0 0 0 51.072 0 0 0 2.59123 0 0 0 0 0 0 0 0 0 0 65.8464 69.8777 0 0 0 0 0 0 0 0 0 0 0 
0 0 0 0 0 0 0 0 0 0 0 0 17.1482 38.9684 0 0 0 0 0 0 0 0 0 0 0 0 0 0 0 54.4875 0 0 0 0 0 0 0 15.6538 0 14.0355 0 0 0 0 0 0 0 0 0 0 0 0 0 0 0 0 0 0 0 0 0 0 0 0 0 0 0 0 0 0 0 0 0 0 0 0 0 0 58.9285 44.8722 0 0 0 0 0 0 0 163.001 0 0 0 0 0 0 0 0 0 0 0 0 0 0 0 0 0 0 0 0 12.1049 17.9071 0 0 0 0 0 0 0 0 54.2981 41.4902 50.3302 54.4285 0 0 0 0 0 0 0 0 0 0 0 
0 0 106.385 99.6201 101.104 0 0 0 0 0 0 0 3.73896 0 0 0 0 0 0 0 0 0 0 0 0 0 0 0 0 48.8662 0 0 0 0 0 0 0 0 14.0355 0 0 0 0 0 0 0 0 0 0 0 0 0 0 0 0 0 0 0 0 0 0 0 0 0 0 0 0 0 0 0 0 0 0 0 0 0 0 0 56.613 47.2607 59.9231 0 0 0 0 0 0 0 0 0 0 0 0 0 0 0 0 0 0 0 0 0 0 0 0 0 0 31.0677 20.0461 0 0 0 0 0 0 0 0 0 0 32.7409 43.9636 48.3479 0 0 0 0 0 0 0 0 0 0 0 
0 0 0 0 0 0 0 0 0 0 0 0 0 0 0 0 0 0 0 0 0 0 0 0 0 0 0 0 0 0 0 0 0 0 0 0 0 0 0 0 0 29.0376 0 0 0 0 0 0 0 0 0 0 0 0 0 0 0 0 0 0 0 0 0 0 0 0 0 0 0 0 0 0 0 0 0 0 0 0 0 0 0 0 0 18.8201 0 0 0 0 189.203 0 0 0 0 0 0 0 0 0 0 0 0 0 0 0 0 0 0 0 0 0 0 0 0 0 0 0 0 0 0 0 0 0 0 0 0 0 0 0 0 0 0 0 209.856 
0 0 0 0 0 0 0 0 0 0 0 0 0 0 0 0 0 0 0 0 0 0 0 0 0 0 0 0 0 0 0 0 0 0 0 0 0 0 0 0 29.0376 0 20.6605 0 0 0 0 0 0 0 0 0 0 0 103.216 0 0 0 0 0 0 0 35.2935 0 0 0 0 0 38.2709 42.6521 57.7636 0 0 0 0 0 0 0 0 0 0 0 0 47.236 0 0 0 0 160.258 0 0 166.344 146.722 134.511 62.2104 0 0 0 0 0 0 0 0 0 0 0 0 0 0 0 0 0 0 0 0 0 0 0 0 0 0 0 0 0 0 0 0 0 0 0 0 0 181.577 
0 0 0 0 0 0 0 0 0 0 0 0 0 0 0 0 0 0 0 0 0 61.9973 74.5129 0 0 117.971 0 0 0 0 0 0 0 0 0 0 0 0 0 0 0 20.6605 0 11.7956 0 0 0 0 0 0 0 0 0 0 0 0 0 0 0 0 0 15.8131 15.7805 0 0 0 49.738 0 21.9616 30.3328 0 0 0 0 0 0 0 0 0 0 0 0 0 0 0 0 0 0 160.529 0 0 160.477 142.559 133.118 53.4858 0 0 0 0 0 0 0 0 0 0 0 0 0 0 0 0 0 0 0 0 0 0 0 0 0 0 0 0 0 143.05 125.974 0 0 0 0 0 155.739 184.957 
0 0 0 0 0 0 0 0 0 0 0 0 0 0 0 0 0 0 0 0 50.4259 50.221 62.9374 0 0 107.254 102.894 0 0 0 0 0 0 0 0 0 0 0 0 0 0 0 11.7956 0 19.6542 0 0 0 0 0 0 0 0 0 0 0 0 0 0 0 0 8.58445 17.371 0 0 0 39.2147 0 26.6281 36.9529 0 0 0 0 0 0 0 0 0 0 0 0 0 0 0 0 0 0 169.97 0 0 0 150.397 142.109 0 0 0 0 0 0 0 0 0 0 0 0 0 0 0 0 0 0 0 0 0 0 0 0 0 0 0 0 0 0 131.658 114.902 0 0 0 0 0 144.252 195.268 
0 0 0 0 0 0 0 0 0 0 0 0 0 0 0 57.734 44.1507 0 0 0 31.0038 36.329 50.9255 0 0 98.5015 94.9768 91.3882 0 0 0 0 0 0 0 0 0 0 0 0 0 0 0 19.6542 0 0 0 0 0 0 0 0 0 0 0 0 0 0 0 0 0 24.2359 35.8253 0 0 0 35.0904 0 45.4809 56.1614 0 0 0 0 0 0 0 0 0 0 0 0 0 0 0 0 0 24.698 0 0 0 0 0 161.668 0 0 0 0 0 0 0 0 0 0 0 0 0 0 0 0 0 0 0 0 0 0 0 80.4338 0 0 0 0 0 86.8439 0 104.549 0 0 0 0 0 0 0 
0 0 0 0 0 0 0 0 0 0 0 0 0 0 0 0 0 0 0 0 0 0 0 0 0 0 0 0 0 0 0 0 0 0 0 0 0 0 0 0 0 0 0 0 0 0 0 0 0 0 0 0 0 0 0 0 0 0 0 0 0 0 0 0 0 0 0 0 0 0 0 0 0 0 0 0 0 0 0 0 0 0 0 0 0 0 0 0 0 0 0 0 0 0 0 0 0 0 0 0 0 0 0 0 0 0 0 0 0 0 0 0 0 0 0 0 0 0 0 0 0 0 0 0 0 0 0 0 0 0 0 0 0 
0 0 0 0 0 0 0 0 0 0 0 0 0 0 0 0 0 0 0 0 0 0 0 0 0 0 0 0 0 0 0 0 0 0 0 0 0 0 0 0 0 0 0 0 0 0 0 0 0 0 0 0 0 0 0 0 0 0 0 0 0 0 0 0 0 0 0 0 0 0 0 0 0 0 0 0 0 0 0 0 0 0 0 0 0 0 0 0 0 0 0 0 0 0 0 0 0 0 0 0 0 0 0 0 0 0 0 0 0 0 0 0 0 0 0 0 0 0 0 0 0 0 0 0 0 0 0 0 0 0 0 0 0 
0 0 0 0 0 0 0 0 0 0 0 0 0 0 0 0 0 0 0 0 0 0 0 0 0 0 0 0 0 0 0 0 0 0 0 0 0 0 0 0 0 0 0 0 0 0 0 0 0 0 0 0 0 0 0 0 0 0 0 0 0 0 0 0 0 0 0 0 0 0 0 0 0 0 0 0 0 0 0 0 0 0 0 0 0 0 0 0 0 0 0 0 0 0 0 0 0 0 0 0 0 0 0 0 0 0 0 0 0 0 0 0 0 0 0 0 0 0 0 0 0 0 0 0 0 0 0 0 0 0 0 0 0 
0 0 0 0 0 0 0 0 0 0 0 0 0 0 0 0 0 0 0 0 0 0 0 0 0 0 0 0 0 0 0 0 0 0 0 50.8865 30.7539 0 0 0 0 0 0 0 0 0 0 0 0 11.1701 0 0 0 0 0 0 0 0 0 0 0 0 0 0 0 0 0 0 0 0 0 0 0 0 0 0 0 0 0 0 0 0 0 0 0 0 0 0 0 0 217.213 188.231 194.276 0 0 0 0 0 0 0 0 0 0 0 0 46.4209 43.896 0 0 30.9462 0 0 28.0598 41.2874 0 0 13.0963 0 0 0 0 0 0 0 0 0 0 0 0 0 0 0 0 
0 0 0 0 0 0 0 0 0 0 0 0 0 0 0 0 0 0 0 0 0 0 0 0 0 0 0 0 0 0 0 0 0 0 0 0 0 0 0 0 0 0 0 0 0 0 0 0 11.1701 0 15.0441 0 0 0 0 0 0 0 0 0 0 0 0 0 0 0 0 0 0 0 0 0 0 0 0 0 0 0 0 0 0 0 0 0 0 0 0 0 0 0 228.383 0 0 0 0 0 0 0 0 0 0 0 0 0 0 55.378 55.0247 0 0 0 0 0 32.3485 46.3106 0 43.6458 13.4033 0 0 0 0 0 0 0 0 0 0 0 0 0 0 0 0 
0 0 0 0 0 67.4686 0 0 0 0 0 0 0 0 0 0 0 0 0 0 0 0 0 0 0 0 0 0 0 0 0 0 0 0 0 0 0 0 0 0 0 0 0 0 0 0 0 0 0 15.0441 0 17.6451 0 0 0 0 0 0 0 0 0 0 0 0 0 0 0 0 0 0 0 0 0 0 0 0 0 0 0 0 0 0 0 0 0 0 0 0 0 0 0 0 0 0 0 0 0 0 0 0 0 0 0 0 93.8008 68.8246 70.0659 0 0 0 0 0 0 0 0 44.8753 24.586 0 0 0 0 0 0 0 0 0 0 0 0 0 0 0 0 
0 0 0 54.0156 46.4939 0 0 0 0 0 0 0 0 0 0 0 0 0 0 0 0 0 0 0 0 0 0 0 0 0 0 0 0 0 0 0 0 0 0 0 0 0 0 0 0 0 0 0 0 0 17.6451 0 11.596 0 0 0 0 0 0 0 0 0 0 0 0 0 0 0 0 0 0 0 0 0 0 0 0 0 0 0 0 0 0 0 0 0 0 0 0 0 0 0 0 0 0 0 0 0 0 0 0 0 0 0 0 0 0 0 0 0 0 0 0 0 0 60.1704 0 0 0 0 0 0 0 0 0 0 0 0 0 0 0 0 0 
0 0 0 43.2716 36.6694 43.2969 0 0 0 0 0 0 0 0 0 0 0 0 0 0 0 0 0 0 0 0 0 0 0 82.3504 0 0 0 0 0 0 0 0 0 0 0 0 0 0 0 0 0 0 0 0 0 11.596 0 25.2077 0 0 0 0 0 0 0 0 0 0 0 0 0 0 0 0 0 0 0 0 0 0 0 0 0 53.7496 39.4302 45.9645 0 0 0 0 0 0 0 0 0 0 0 0 0 0 0 0 0 0 0 0 0 0 0 0 0 0 0 0 0 0 0 0 0 0 0 0 0 0 82.7226 83.8237 0 0 0 0 0 0 70.8527 81.7173 95.5366 0 0 
0 63.1592 54.9141 46.5218 45.4763 59.1441 0 0 0 0 0 0 0 69.0479 0 0 0 0 0 0 0 0 0 0 0 0 0 0 0 57.7548 0 0 0 0 0 0 0 0 0 0 0 0 0 0 0 0 0 0 0 0 0 0 25.2077 0 0 0 0 0 0 0 0 0 0 0 128.715 129.166 0 0 0 0 0 0 0 0 0 0 0 0 0 29.4279 19.0143 33.5398 0 0 0 0 0 0 0 0 0 0 0 0 0 0 0 0 0 0 0 0 0 0 0 0 0 0 0 0 0 11.3369 0 0 0 0 0 0 77.91 59.9557 57.7705 59.1355 0 0 0 0 0 0 0 0 0 0 0 
0 0 0 0 0 0 0 0 79.0072 0 0 0 0 0 0 0 0 0 0 0 0 0 0 0 0 153.689 147.538 0 0 0 0 0 0 0 0 0 0 0 0 0 0 103.216 0 0 0 0 0 0 0 0 0 0 0 0 0 22.5057 0 0 0 0 30.339 0 0 0 0 0 0 0 0 0 0 0 0 0 0 0 0 0 0 0 0 0 0 0 0 0 0 0 0 0 0 69.2226 56.41 58.3289 41.0652 25.4434 21.7497 33.0677 0 0 0 0 0 0 0 0 0 0 0 0 0 0 0 0 0 0 0 114.623 109.085 0 0 0 0 0 185.923 165.452 0 0 0 0 0 0 119.704 
0 0 0 0 0 0 0 0 0 0 0 0 0 0 0 0 0 0 0 0 0 0 0 0 0 0 0 0 0 0 0 0 0 0 0 0 0 0 0 0 0 0 0 0 0 0 0 0 0 0 0 0 0 0 22.5057 0 10.4234 0 0 0 0 0 0 0 0 0 0 0 0 0 0 0 0 0 0 0 0 0 0 0 0 0 0 0 0 0 0 0 0 0 0 52.0988 45.8926 56.1227 0 0 0 0 0 0 0 83.8372 94.5405 102.538 120.387 0 111.909 0 0 0 0 0 0 0 0 0 0 0 0 0 0 0 0 0 0 0 0 0 0 0 0 0 0 
0 0 0 0 0 0 0 0 0 0 0 0 0 0 0 0 0 0 0 0 0 0 0 0 0 0 0 0 0 0 0 0 0 69.5089 79.865 91.3281 0 0 0 0 0 0 0 0 0 0 0 0 0 0 0 0 0 0 0 10.4234 0 12.8633 0 0 0 0 0 0 0 0 0 0 0 0 0 0 0 0 0 0 0 0 0 0 0 0 0 0 0 0 0 0 0 0 0 58.0878 54.8919 66.3642 0 0 0 0 0 0 0 73.7045 84.8178 0 0 0 101.488 0 0 0 0 0 0 0 0 0 150.19 0 0 0 0 0 0 0 0 0 0 0 0 0 0 0 0 
0 0 0 0 0 0 0 0 0 0 57.0312 0 0 0 0 0 0 0 0 0 0 0 0 0 0 0 0 0 0 0 0 0 0 56.6953 67.1922 78.7591 0 0 0 0 0 0 0 0 0 0 0 0 0 0 0 0 0 0 0 0 12.8633 0 7.05092 0 0 0 0 0 0 0 0 0 0 0 0 0 0 0 0 0 0 0 0 0 0 0 0 0 0 0 0 0 0 0 0 69.0105 67.5301 0 0 0 0 0 0 0 0 62.894 75.0807 0 0 0 89.2507 0 0 0 0 0 0 0 0 0 137.666 0 0 0 0 0 0 0 0 0 0 0 0 0 0 0 0 
0 0 0 0 0 0 0 0 63.653 41.7699 50.3405 0 0 0 0 0 0 0 0 0 0 135.388 134.83 146.168 0 0 0 0 0 0 0 0 0 51.0234 61.9116 73.6646 0 0 0 0 0 0 0 0 0 0 0 0 0 0 0 0 0 0 0 0 0 7.05092 0 13.975 0 0 0 0 0 0 0 0 0 0 0 0 0 0 0 0 0 0 0 0 0 0 0 0 0 0 0 0 0 0 0 76.0613 0 0 0 0 0 0 0 0 0 60.2032 73.283 0 0 0 84.6835 0 0 0 0 0 0 0 0 0 0 103.833 0 0 0 0 0 0 0 0 0 0 0 0 0 0 0 
0 0 0 0 0 0 0 0 51.3371 31.3389 44.9415 0 0 0 0 0 0 0 0 0 0 121.413 120.965 132.518 0 0 0 0 0 0 0 0 0 50.2216 61.9568 0 0 0 0 0 0 0 0 0 0 0 0 0 0 0 0 0 0 0 0 0 0 0 13.975 0 16.3292 0 0 0 66.6814 77.2259 98.3477 0 0 0 0 0 52.0928 0 0 0 0 0 0 0 0 0 0 0 0 0 0 0 0 0 0 0 0 0 0 0 0 26.9101 38.5569 0 0 66.4459 0 0 0 0 86.1909 0 0 0 0 0 130.298 0 0 0 0 91.0709 0 0 0 0 0 0 0 0 0 0 0 0 0 0 0 
0 0 0 0 0 0 0 0 48.7713 35.2742 53.9984 0 0 0 0 0 0 0 0 0 0 109.514 110.633 123.412 0 0 0 0 0 0 0 0 0 62.8021 0 0 0 0 0 0 0 0 0 0 0 0 0 0 0 0 0 0 0 0 30.339 0 0 0 0 16.3292 0 0 0 0 54.2504 64.9503 0 0 0 0 0 0 38.6646 0 0 0 0 0 0 0 0 0 0 0 0 0 0 0 0 0 0 0 0 0 0 0 12.9737 10.7114 24.4134 0 0 82.1438 0 0 0 0 0 0 0 0 0 0 0 0 0 0 0 85.7066 79.1042 0 0 0 0 0 0 0 0 0 0 0 0 0 0 
0 0 0 0 0 0 0 0 0 0 0 0 0 0 0 0 68.1048 0 0 0 53.3359 48.8246 60.1531 0 0 0 0 0 0 0 0 0 0 0 0 0 0 0 0 0 0 0 15.8131 8.58445 24.2359 0 0 0 0 0 0 0 0 0 0 0 0 0 0 0 0 0 11.9192 0 0 0 34.1873 0 0 0 0 0 0 0 0 0 0 0 0 0 0 0 0 0 0 0 0 0 166.52 0 0 0 0 0 0 0 0 0 0 0 0 0 0 0 0 0 0 0 0 0 0 0 0 0 0 0 0 0 0 0 0 0 0 0 128.089 110.625 0 0 0 0 0 140.945 192.845 
0 0 0 0 0 0 0 0 0 0 0 0 0 0 0 0 79.8862 0 0 0 0 0 0 0 0 0 0 0 0 0 0 0 0 0 0 0 0 0 0 0 0 35.2935 15.7805 17.371 35.8253 0 0 0 0 0 0 0 0 0 0 0 0 0 0 0 0 11.9192 0 0 0 0 0 0 9.69773 20.5583 0 0 0 0 0 0 0 0 0 0 0 0 0 0 0 0 0 0 154.613 0 0 0 0 126.342 0 0 0 0 0 0 0 0 0 0 0 0 0 0 0 0 0 0 0 0 0 0 0 0 0 0 0 0 0 0 0 0 0 0 0 0 0 0 181.106 
0 0 0 0 0 0 0 0 0 0 0 0 0 0 0 0 0 0 0 0 0 0 0 0 0 0 0 0 0 0 0 0 0 0 0 0 0 0 0 0 0 0 0 0 0 0 0 0 0 0 0 0 0 0 0 0 0 0 0 0 0 0 0 0 0 0 0 0 0 0 0 0 0 0 0 0 0 0 0 0 0 0 0 0 0 0 0 0 0 0 0 0 0 0 0 0 0 0 0 0 0 0 0 0 0 0 0 0 0 0 0 0 0 0 0 0 0 0 0 0 0 0 0 0 0 0 0 0 0 0 0 0 0 
0 0 0 0 0 0 0 0 39.4344 54.577 0 0 0 60.3991 0 0 0 0 0 0 0 55.2651 57.4651 71.7728 0 83.1293 77.3494 0 0 0 0 0 0 0 0 0 0 0 0 0 0 0 0 0 0 0 0 0 0 0 0 0 0 128.715 0 0 0 0 0 66.6814 54.2504 0 0 0 0 10.7002 0 0 0 0 0 0 16.0264 0 0 0 0 0 0 0 0 0 0 0 0 0 0 0 0 0 0 0 0 0 0 0 0 0 30.1884 0 0 118.903 0 0 0 0 0 105.391 0 0 0 117.78 0 0 0 0 0 47.4264 51.4953 69.1942 0 0 0 62.6001 113.772 93.865 0 0 0 0 0 127.274 0 
0 0 0 0 0 0 0 0 45.6291 63.3263 0 0 0 62.5311 0 0 0 0 0 0 0 44.5651 47.2429 62.0781 0 76.7299 71.228 62.729 0 0 0 0 0 0 0 0 0 0 0 0 0 0 0 0 0 0 0 0 0 0 0 0 0 129.166 0 0 0 0 0 77.2259 64.9503 0 0 0 10.7002 0 21.2317 0 0 0 0 0 0 0 0 0 0 0 0 0 0 0 0 0 0 0 0 0 0 0 0 0 0 0 0 0 0 0 0 0 0 0 0 0 0 0 0 106.978 0 0 0 118.531 0 0 0 0 0 43.955 51.2566 0 0 0 0 57.4159 106.34 86.8773 0 0 0 0 0 119.782 0 
0 0 0 0 0 0 0 0 62.1942 82.4352 0 0 0 72.2405 0 79.184 61.6683 0 0 0 43.4964 23.3814 28.5725 44.8488 0 68.233 63.725 58.1834 0 0 0 0 0 0 0 0 0 0 0 0 0 0 49.738 39.2147 35.0904 0 0 0 0 0 0 0 0 0 0 0 0 0 0 98.3477 0 34.1873 0 0 0 21.2317 0 0 0 0 0 0 0 0 0 0 0 0 0 0 0 0 0 0 0 0 0 52.3024 0 0 0 0 0 0 0 0 0 0 0 0 0 0 0 0 0 0 0 0 109.658 0 0 0 0 0 0 0 0 45.3929 57.8882 0 0 0 0 53.2715 94.2867 76.4746 0 0 0 0 0 107.33 0 
0 0 0 0 0 0 0 0 0 0 0 0 0 0 0 0 0 0 0 0 0 0 0 0 0 0 0 0 0 0 0 0 0 0 0 0 0 0 0 0 0 0 0 0 0 0 0 0 0 0 0 0 0 0 0 0 0 0 0 0 0 0 0 0 0 0 0 0 0 0 0 0 0 0 0 0 0 0 0 0 0 0 0 0 0 0 0 0 0 0 0 0 0 0 0 0 0 0 0 0 0 0 0 0 0 0 0 0 0 0 0 0 0 0 0 0 0 0 0 0 0 0 0 0 0 0 0 0 0 0 0 0 0 
0 0 0 0 0 0 0 0 0 0 0 0 0 0 0 0 89.572 0 0 0 0 0 0 0 0 0 0 0 0 0 0 0 0 0 0 0 0 0 0 0 0 38.2709 21.9616 26.6281 45.4809 0 0 0 0 0 0 0 0 0 0 0 0 0 0 0 0 0 9.69773 0 0 0 0 0 0 10.9182 0 0 0 0 0 0 0 0 0 0 0 0 0 0 0 0 0 0 0 0 0 0 0 0 0 0 0 0 0 0 0 0 0 0 0 0 0 0 0 0 0 0 0 0 0 0 0 0 0 0 0 0 0 0 0 0 0 0 0 0 0 0 171.773 
0 0 0 0 0 0 0 0 0 0 0 0 0 0 0 0 100.302 0 0 0 0 0 0 0 0 0 0 0 0 0 0 0 0 0 0 0 0 0 0 0 0 42.6521 30.3328 36.9529 56.1614 0 0 0 0 0 0 0 0 0 0 0 0 0 0 0 0 0 20.5583 0 0 0 0 0 10.9182 0 15.295 0 0 0 0 0 0 0 0 0 0 0 0 0 0 0 0 0 134.091 0 0 0 113.456 105.784 23.6483 0 0 0 0 0 0 0 0 0 0 0 0 0 0 0 0 0 0 0 0 0 0 0 0 0 0 0 0 0 0 0 0 0 0 0 0 0 160.957 
0 0 0 0 0 0 0 0 0 0 0 0 0 0 0 0 0 0 0 0 0 0 0 0 0 0 0 0 0 0 0 0 0 0 0 0 0 0 0 0 0 57.7636 0 0 0 0 0 0 0 0 0 0 0 0 0 0 0 0 0 0 0 0 0 0 0 0 0 0 0 15.295 0 0 0 0 0 0 0 0 0 0 0 0 0 0 0 0 0 0 0 0 0 0 0 0 13.397 0 0 0 0 0 0 0 0 0 0 0 0 0 0 0 0 0 0 0 0 0 0 0 0 0 0 0 0 0 0 0 0 0 0 0 0 0 0 
0 0 0 0 0 204.451 0 0 52.9951 55.841 0 0 0 80.1182 0 0 0 0 0 0 0 0 0 0 0 0 0 0 0 0 0 0 0 0 0 0 0 0 0 0 0 0 0 0 0 0 0 0 0 0 0 0 0 0 0 0 0 0 0 0 0 0 0 0 0 0 0 0 0 0 0 0 17.1074 0 0 0 0 0 0 126.924 143.994 0 0 0 0 0 0 0 0 0 0 0 0 0 0 0 0 0 17.0665 7.11762 0 0 0 0 0 0 0 0 0 0 0 0 0 0 0 0 0 0 75.5872 91.9347 0 0 0 0 0 0 0 0 0 0 0 0 0 
0 0 0 0 0 187.628 0 0 37.5984 0 0 0 0 63.649 0 0 0 0 0 0 0 0 73.4503 87.4992 0 96.0595 90.0773 0 0 0 0 0 0 81.5024 0 0 0 0 0 0 0 0 0 0 0 0 0 0 0 0 0 0 0 0 0 0 0 0 0 52.0928 38.6646 0 0 0 16.0264 0 0 0 0 0 0 17.1074 0 0 0 0 0 0 0 110.039 127.156 0 0 0 0 0 0 0 0 0 0 0 0 0 0 0 0 0 14.3175 13.8005 0 108.857 0 0 0 0 0 0 0 0 0 0 0 0 0 0 0 58.3182 58.5018 75.015 0 0 0 74.6711 127.491 107.272 0 0 0 0 0 0 0 
0 0 0 0 0 0 0 0 0 0 0 0 0 0 0 0 0 0 0 0 0 0 0 0 0 0 0 0 0 0 0 0 0 0 0 0 0 0 0 0 0 0 0 0 0 0 0 0 0 0 0 0 0 0 0 0 0 0 0 0 0 0 0 0 0 0 0 0 0 0 0 0 0 0 0 0 0 0 0 0 0 0 0 0 0 0 0 0 0 0 0 0 0 0 0 0 0 0 0 0 0 0 0 0 0 0 0 0 0 0 0 0 0 0 0 0 0 0 0 0 0 0 0 0 0 0 0 0 0 0 0 0 0 
0 0 0 0 0 0 0 0 0 0 0 0 0 0 0 0 0 0 0 0 0 0 0 0 0 0 0 0 0 0 0 0 0 0 0 0 0 0 0 0 0 0 0 0 0 0 0 0 0 0 0 0 0 0 0 0 0 0 0 0 0 0 0 0 0 0 0 0 0 0 0 0 0 0 0 0 0 0 0 0 0 0 0 0 0 0 0 0 0 0 0 0 0 0 0 0 0 0 0 0 0 0 0 0 0 0 0 0 0 0 0 0 0 0 0 0 0 0 0 0 0 0 0 0 0 0 0 0 0 0 0 0 0 
0 0 0 0 0 0 0 0 0 0 0 0 0 0 0 0 0 0 0 0 0 0 0 0 0 0 0 0 0 0 0 0 0 0 0 0 0 0 0 0 0 0 0 0 0 0 0 0 0 0 0 0 0 0 0 0 0 0 0 0 0 0 0 0 0 0 0 0 0 0 0 0 0 0 0 0 0 0 0 0 0 0 0 0 0 0 0 0 0 0 0 0 0 0 0 0 0 0 0 0 0 0 0 0 0 0 0 0 0 0 0 0 0 0 0 0 0 0 0 0 0 0 0 0 0 0 0 0 0 0 0 0 0 
0 0 0 0 0 0 0 0 0 0 0 0 0 0 0 0 0 0 0 0 0 0 0 0 0 0 0 0 0 0 0 0 0 0 0 0 0 0 0 0 0 0 0 0 0 0 0 0 0 0 0 0 0 0 0 0 0 0 0 0 0 0 0 0 0 0 0 0 0 0 0 0 0 0 0 0 0 0 0 0 0 0 0 0 0 0 0 0 0 0 0 0 0 0 0 0 0 0 0 0 0 0 0 0 0 0 0 0 0 0 0 0 0 0 0 0 0 0 0 0 0 0 0 0 0 0 0 0 0 0 0 0 0 
0 0 0 0 0 0 0 0 0 0 0 0 0 0 0 0 0 0 0 0 0 0 0 0 0 0 0 0 0 0 0.681453 0 0 0 0 0 0 0 0 0 0 0 0 0 0 0 0 0 0 0 0 0 0 0 0 0 0 0 0 0 0 0 0 0 0 0 0 0 0 0 0 0 0 0 0 0 0 0 15.7024 0 0 0 0 0 0 0 0 0 0 0 0 0 0 0 0 0 0 0 0 0 0 0 0 0 0 0 0 0 0 0 0 0 0 0 0 0 0 0 0 45.8715 32.9727 0 0 0 0 0 0 0 0 0 0 0 0 
0 0 0 0 0 0 0 0 0 0 0 0 54.2746 46.2733 0 0 0 0 0 0 0 0 0 0 0 0 0 0 0 0 15.0921 0 0 0 0 0 0 73.2462 58.9285 56.613 0 0 0 0 0 0 0 0 0 0 0 0 0 0 0 0 0 0 0 0 0 0 0 0 0 0 0 0 0 0 0 0 0 0 0 0 0 15.7024 0 20.9387 0 0 0 0 0 0 0 0 0 0 0 0 0 0 0 0 0 0 0 0 0 0 0 0 0 0 0 42.9743 48.3626 0 0 43.4916 0 0 0 0 0 0 0 31.1839 19.1261 0 0 0 0 0 0 0 0 0 0 0 0 
0 0 0 0 0 0 0 0 76.1734 0 0 0 46.1576 47.7388 0 0 0 0 0 0 0 0 0 0 0 0 0 0 0 28.6097 0 0 0 0 0 0 0 0 44.8722 47.2607 0 0 0 0 0 0 0 0 0 0 0 0 53.7496 29.4279 0 0 0 0 0 0 0 0 0 0 0 0 0 0 0 0 0 126.924 110.039 0 0 0 0 0 20.9387 0 17.2168 0 0 0 0 0 0 0 0 0 0 0 0 0 0 0 0 0 114.576 121.772 0 0 0 0 0 0 0 24.5159 32.9634 0 0 22.5574 0 0 0 0 0 0 0 35.034 29.4134 30.1196 0 0 0 0 0 0 0 0 0 0 0 
112.206 54.1277 46.4774 40.1394 43.5108 60.472 0 0 0 0 0 0 59.5992 64.404 0 0 0 0 0 0 0 0 0 0 0 0 0 0 0 0 0 0 0 0 0 0 0 0 0 59.9231 0 0 0 0 0 0 0 0 0 0 0 0 39.4302 19.0143 0 0 0 0 0 0 0 0 0 0 0 0 0 0 0 0 0 143.994 127.156 0 0 0 0 0 0 17.2168 0 17.8113 0 0 0 0 0 0 0 0 0 0 0 0 0 0 0 0 131.375 138.749 0 0 0 0 0 0 0 31.0333 42.1244 0 0 19.8228 0 0 0 0 0 0 0 52.1977 0 0 0 0 0 0 0 0 0 0 0 0 0 
95.1138 38.1001 31.2495 27.255 34.1581 0 0 0 0 0 0 0 0 0 0 0 0 0 0 0 0 0 0 0 0 0 0 0 0 0 0 0 0 0 0 0 0 0 0 0 0 0 0 0 0 0 0 0 0 0 0 0 45.9645 33.5398 0 0 0 0 0 0 0 0 0 0 0 0 0 0 0 0 0 0 0 0 0 0 0 0 0 0 17.8113 0 0 0 0 0 0 0 0 0 0 0 0 0 0 0 0 0 0 0 0 0 0 0 0 0 0 0 0 0 0 37.3156 0 0 0 0 0 0 0 0 0 0 0 0 0 0 0 0 25.0602 36.8488 0 0 0 
0 0 0 0 0 0 0 0 0 0 0 0 0 0 0 0 0 0 0 0 0 0 0 0 0 0 0 0 0 0 0 0 0 0 0 0 0 0 0 0 0 0 0 0 0 0 0 0 0 0 0 0 0 0 0 0 0 0 0 0 0 0 0 0 0 0 0 0 0 0 0 0 0 0 0 0 0 0 0 0 0 0 0 0 0 0 0 0 0 0 0 0 0 0 0 0 0 0 0 0 0 0 0 0 0 0 0 0 0 0 0 0 0 0 0 0 0 0 0 0 0 0 0 0 0 0 0 0 0 0 0 0 0 
0 0 0 0 0 0 0 0 0 0 0 0 0 0 68.7025 50.8613 52.813 72.5834 0 0 56.7409 0 0 0 0 0 0 0 0 0 0 0 0 0 0 0 0 0 0 0 18.8201 47.236 0 0 0 0 0 0 0 0 0 0 0 0 0 0 0 0 0 0 0 0 0 0 0 0 0 0 0 0 0 0 0 0 0 0 0 0 0 0 0 0 0 0 0 0 0 37.3154 206.641 0 0 0 0 181.481 0 0 0 0 0 0 0 0 0 0 0 0 0 0 0 0 0 0 0 0 0 0 0 0 0 0 0 0 0 0 0 0 0 0 0 0 0 0 226.176 
0 0 0 0 0 0 0 0 0 0 0 0 0 0 0 0 0 0 0 0 0 0 0 0 0 0 0 0 0 0 0 0 0 0 0 0 0 0 0 0 0 0 0 0 0 0 0 0 0 0 0 0 0 0 0 0 0 0 0 0 0 0 0 0 0 0 0 0 0 0 0 0 0 0 0 0 0 0 0 0 0 0 0 0 0 0 0 0 0 0 0 0 0 0 0 0 0 0 0 0 0 0 0 0 0 0 0 0 0 0 0 0 0 0 0 0 0 0 0 0 0 0 0 0 0 0 0 0 0 0 0 0 0 
0 0 0 0 0 0 0 0 0 0 0 0 0 0 0 0 0 0 0 0 0 0 0 0 0 0 0 0 0 0 0 0 0 0 0 0 0 0 0 0 0 0 0 0 0 0 0 0 0 0 0 0 0 0 0 0 0 0 0 0 0 0 0 0 0 0 0 0 0 0 0 0 0 0 0 0 0 0 0 0 0 0 0 0 0 0 0 0 0 0 0 0 0 0 0 0 0 0 0 0 0 0 0 0 0 0 0 0 0 0 0 0 0 0 0 0 0 0 0 0 0 0 0 0 0 0 0 0 0 0 0 0 0 
0 0 0 0 0 0 0 0 0 0 0 0 0 0 0 0 0 0 0 0 0 0 0 0 0 0 0 0 0 0 0 0 0 0 0 0 0 0 0 0 0 0 0 0 0 0 0 0 0 0 0 0 0 0 0 0 0 0 0 0 0 0 0 0 0 0 0 0 0 0 0 0 0 0 0 0 0 0 0 0 0 0 0 0 0 0 0 0 0 0 0 0 0 0 0 0 0 0 0 0 0 0 0 0 0 0 0 0 0 0 0 0 0 0 0 0 0 0 0 0 0 0 0 0 0 0 0 0 0 0 0 0 0 
0 0 0 0 0 0 0 0 0 0 0 0 0 124.043 0 33.2846 22.4303 38.455 0 0 19.5202 41.3229 0 0 60.4635 0 0 101.081 0 0 0 0 0 0 0 0 0 0 163.001 0 0 0 0 0 24.698 0 0 0 0 0 0 0 0 0 0 0 0 0 0 0 0 0 0 0 0 0 52.3024 0 0 0 0 0 0 0 0 0 0 0 0 0 0 0 0 37.3154 0 0 0 0 0 0 0 0 0 0 0 0 0 0 0 0 0 0 0 0 0 0 0 0 0 0 0 0 0 0 0 0 0 94.8258 109.003 0 0 0 0 97.3242 0 0 0 0 0 0 0 0 0 
0 0 0 0 0 0 0 0 0 0 0 0 0 0 0 0 0 0 0 0 219.834 0 0 0 0 0 0 0 0 0 0 0 0 0 0 0 0 0 0 0 189.203 160.258 160.529 169.97 0 0 0 0 0 0 0 0 0 0 0 0 0 0 0 0 0 166.52 154.613 0 0 0 0 0 0 134.091 0 0 0 0 0 0 0 0 0 0 0 0 0 206.641 0 0 0 0 0 25.7759 0 0 0 29.1434 111.651 0 0 0 0 0 0 0 0 0 0 0 0 0 0 0 0 0 0 0 0 0 0 0 0 0 0 0 0 0 0 0 0 0 0 0 0 0 34.5812 
0 0 0 0 0 0 0 0 0 0 0 0 0 0 0 0 0 0 0 0 0 0 0 0 0 0 0 0 0 0 0 0 0 0 0 0 0 0 0 0 0 0 0 0 0 0 0 0 0 0 0 0 0 0 0 0 0 0 0 0 0 0 0 0 0 0 0 0 0 0 0 0 0 0 0 0 0 0 0 0 0 0 0 0 0 0 0 0 25.7759 0 10.3025 0 0 0 0 0 0 0 0 0 0 0 0 0 0 0 0 0 0 0 0 0 0 0 0 0 0 0 0 0 0 0 0 0 0 0 0 0 0 0 0 0 47.4701 
0 0 0 0 0 0 0 0 0 0 0 0 0 0 0 0 0 0 0 0 0 0 0 0 0 0 0 0 0 0 0 0 0 149.725 157.563 167.171 187.16 0 0 0 0 0 0 0 0 0 0 0 217.213 228.383 0 0 0 0 0 0 0 0 0 0 0 0 0 0 0 0 0 0 0 0 0 0 0 0 0 0 0 0 0 0 0 0 0 0 0 0 0 0 0 10.3025 0 29.6678 0 0 0 0 0 0 0 0 0 139.836 143.21 149.566 165.092 0 173.532 0 0 0 0 0 0 0 0 0 0 0 0 0 0 0 0 0 0 0 0 0 0 0 0 0 57.4132 
0 0 0 0 0 0 0 0 0 0 124.591 0 0 0 0 0 0 0 0 0 0 0 0 0 0 0 0 0 0 0 0 0 0 120.102 128.107 137.918 157.987 0 0 0 0 166.344 160.477 0 0 0 0 0 188.231 0 0 0 0 0 69.2226 52.0988 58.0878 69.0105 76.0613 0 0 0 0 0 0 0 0 0 0 0 0 0 0 0 0 0 0 0 0 0 0 0 0 0 0 0 0 0 0 0 29.6678 0 22.9046 0 107.056 94.2279 0 0 0 0 0 111.416 115.995 122.785 139.072 0 144.745 0 0 0 0 0 0 0 0 0 0 0 0 0 0 0 0 0 0 0 0 0 0 0 0 0 0 
0 0 0 0 0 0 0 0 0 0 0 0 0 0 0 0 0 0 0 0 0 0 0 0 0 0 0 0 0 0 0 0 0 123.137 132.585 143.395 0 0 0 0 0 146.722 142.559 150.397 0 0 0 0 194.276 0 0 0 0 0 56.41 45.8926 54.8919 67.5301 0 0 0 0 0 0 0 0 0 0 0 113.456 0 0 0 0 0 0 0 0 0 0 0 0 0 0 0 0 0 0 0 0 0 22.9046 0 21.7287 89.8419 79.482 0 0 0 0 0 120.277 127.35 134.738 151.891 0 151.935 0 0 0 0 0 0 0 0 0 201.419 0 0 0 0 0 0 0 0 0 0 0 0 0 0 0 0 
0 0 0 0 0 0 0 0 0 0 0 0 0 0 0 0 0 0 0 0 0 0 0 0 0 0 0 0 0 0 0 0 0 0 146.166 157.501 0 0 0 0 0 134.511 133.118 142.109 161.668 0 0 0 0 0 0 0 0 0 58.3289 56.1227 66.3642 0 0 0 0 0 126.342 0 0 0 0 0 0 105.784 0 0 0 0 0 0 0 0 0 0 0 0 0 181.481 0 0 0 0 29.1434 0 0 0 21.7287 0 82.9603 76.7494 79.4913 0 0 0 0 136.932 145.34 152.977 170.456 0 167.096 0 0 0 0 0 0 0 0 0 216.216 0 167.404 0 0 0 0 0 0 0 0 0 0 0 0 0 61.384 
0 0 0 0 0 0 0 0 0 0 0 0 0 0 0 0 0 0 0 0 0 0 0 0 0 0 0 0 0 0 0 0 0 0 0 0 0 0 0 0 0 62.2104 53.4858 0 0 0 0 0 0 0 0 0 0 0 41.0652 0 0 0 0 0 0 0 0 0 0 0 0 0 0 23.6483 13.397 0 0 0 0 0 0 0 0 0 0 0 0 0 0 0 0 0 111.651 0 0 107.056 89.8419 82.9603 0 18.1231 0 0 0 0 0 0 0 0 0 0 0 0 0 0 0 0 0 0 0 0 0 0 0 0 0 0 0 0 0 0 0 0 0 0 0 0 139.928 
0 0 0 0 0 0 0 0 0 0 0 0 0 0 0 0 0 0 0 0 0 0 0 0 0 0 0 0 0 0 0 0 0 0 0 0 0 0 0 0 0 0 0 0 0 0 0 0 0 0 0 0 0 0 25.4434 0 0 0 0 0 0 0 0 0 0 0 0 0 0 0 0 0 0 0 0 0 0 0 0 0 0 0 0 0 0 0 0 0 0 0 0 94.2279 79.482 76.7494 18.1231 0 15.0193 0 0 0 0 0 0 0 0 0 0 0 0 0 0 0 0 0 0 0 0 0 0 0 0 0 0 0 0 0 0 0 0 0 0 0 136.722 
0 0 0 0 0 0 0 0 58.7254 0 66.9508 0 0 0 0 0 0 0 0 0 0 0 0 0 0 0 0 0 0 0 0 0 0 0 0 0 0 0 0 0 0 0 0 0 0 0 0 0 0 0 0 0 0 0 21.7497 0 0 0 0 0 12.9737 0 0 0 0 0 0 0 0 0 0 0 0 0 0 0 0 0 0 0 0 0 0 0 0 0 0 0 0 0 0 0 0 79.4913 0 15.0193 0 11.4046 0 0 0 0 0 0 0 0 0 0 0 0 0 0 0 0 0 0 0 0 0 0 0 0 0 0 0 0 0 0 0 0 0 0 140.707 
0 0 0 0 0 0 0 0 47.8659 39.5588 60.0363 0 0 0 0 0 0 0 0 0 0 0 102.982 116.471 0 120.679 114.535 0 0 0 0 0 0 70.6523 0 0 0 0 0 0 0 0 0 0 0 0 0 0 0 0 0 0 0 0 33.0677 0 0 0 0 26.9101 10.7114 0 0 0 0 0 0 0 0 0 0 0 0 0 0 0 0 0 0 0 0 0 0 0 0 0 0 0 0 0 0 0 0 0 0 0 11.4046 0 15.6426 0 0 91.9025 106.736 0 0 0 0 0 0 0 0 0 0 0 0 0 0 81.6505 76.9356 90.2429 0 0 0 98.6797 152.877 132.411 0 0 0 0 0 0 0 
0 0 0 0 0 0 0 0 38.7781 38.8133 0 0 0 66.9799 0 0 0 0 0 0 0 0 87.3446 100.944 0 106.68 100.58 0 0 0 0 0 0 73.7039 0 0 0 0 0 0 0 0 0 0 0 0 0 0 0 0 0 0 0 0 0 0 0 0 0 38.5569 24.4134 0 0 0 30.1884 0 0 0 0 0 0 17.0665 14.3175 0 0 0 0 0 0 114.576 131.375 0 0 0 0 0 0 0 0 0 0 0 0 0 0 0 0 15.6426 0 9.95349 0 98.8269 0 0 0 0 0 0 0 0 0 0 0 0 0 0 0 67.9518 65.1485 80.0401 0 0 0 84.8342 138.641 118.236 0 0 0 0 0 0 0 
0 0 0 0 0 199.142 0 0 46.9421 48.752 0 0 0 74.5704 0 0 0 0 0 0 0 0 0 0 0 109.838 103.842 0 0 0 0 0 0 0 0 0 0 0 0 0 0 0 0 0 0 0 0 0 0 0 0 0 0 0 0 0 0 0 0 0 0 0 0 0 0 0 0 0 0 0 0 7.11762 13.8005 0 0 0 0 0 0 121.772 138.749 0 0 0 0 0 0 0 0 0 0 0 0 0 0 0 0 0 9.95349 0 0 0 0 0 0 0 0 0 0 0 0 0 0 0 0 0 0 71.9016 71.0765 86.9052 0 0 0 88.3819 0 121.07 0 0 0 0 0 0 0 
0 0 0 0 0 0 0 0 0 0 0 0 0 0 0 0 0 0 0 0 0 0 0 0 0 0 0 0 0 0 0 0 0 0 0 0 0 0 0 0 0 0 0 0 0 0 0 0 0 0 0 0 0 0 0 0 0 0 0 0 0 0 0 0 0 0 0 0 0 0 0 0 0 0 0 0 0 0 0 0 0 0 0 0 0 0 0 0 0 0 0 0 0 0 0 0 0 0 0 0 0 0 0 0 0 0 0 0 0 0 0 0 0 0 0 0 0 0 0 0 0 0 0 0 0 0 0 0 0 0 0 0 0 
0 0 0 0 0 0 0 0 0 64.3434 48.4272 0 0 0 0 0 0 0 0 0 0 0 0 0 0 0 0 0 0 0 0 0 0 31.8128 28.57 31.8503 49.5532 0 0 0 0 0 0 0 0 0 0 0 0 0 0 0 0 0 0 83.8372 73.7045 62.894 60.2032 66.4459 82.1438 0 0 0 118.903 0 0 0 0 0 0 0 108.857 0 0 0 0 0 0 0 0 0 0 0 0 0 0 0 0 0 139.836 111.416 120.277 136.932 0 0 0 91.9025 98.8269 0 0 0 15.5406 0 0 0 34.164 0 0 0 0 0 0 0 0 0 0 0 0 0 0 0 0 0 0 0 0 0 0 0 0 0 0 
0 0 0 0 0 0 0 0 0 0 0 0 0 0 0 0 0 0 0 0 0 0 0 0 0 0 0 0 0 0 0 0 0 0 0 0 0 0 0 0 0 0 0 0 0 0 0 0 0 0 0 0 0 0 0 94.5405 84.8178 75.0807 73.283 0 0 0 0 0 0 0 0 0 0 0 0 0 0 0 0 0 0 0 0 0 0 0 0 0 0 0 0 0 0 0 143.21 115.995 127.35 145.34 0 0 0 106.736 0 0 0 15.5406 0 8.06105 0 0 0 0 0 0 0 0 0 0 0 0 0 0 0 0 0 0 0 0 0 0 0 0 0 0 0 0 0 
0 0 0 0 0 0 0 0 0 0 0 0 0 0 0 0 0 0 0 0 0 0 0 0 0 0 0 0 0 0 0 0 0 0 0 0 0 0 0 0 0 0 0 0 0 0 0 0 0 0 0 0 0 0 0 102.538 0 0 0 0 0 0 0 0 0 0 0 0 0 0 0 0 0 0 0 0 0 0 0 0 0 0 0 0 0 0 0 0 0 0 149.566 122.785 134.738 152.977 0 0 0 0 0 0 0 0 8.06105 0 17.8517 0 0 0 0 0 0 0 0 0 0 0 0 0 0 0 0 0 0 0 0 0 0 0 0 0 0 0 0 
0 0 0 0 0 0 0 0 0 0 0 0 0 0 0 0 0 0 0 0 0 0 0 0 0 0 0 0 0 0 0 0 0 0 0 0 0 0 0 0 0 0 0 0 0 0 0 0 0 0 93.8008 0 0 0 0 120.387 0 0 0 0 0 0 0 0 0 0 0 0 0 0 0 0 0 0 0 0 0 0 0 0 0 0 0 0 0 0 0 0 0 0 165.092 139.072 151.891 170.456 0 0 0 0 0 0 0 0 0 17.8517 0 24.9859 0 0 0 0 0 0 53.2408 43.1753 55.3037 0 69.3022 0 0 0 0 0 0 0 0 0 0 0 0 0 0 0 0 
0 0 0 0 0 0 0 0 0 0 0 0 0 0 0 0 0 0 0 0 0 0 0 0 0 0 0 0 0 120.898 0 0 0 0 0 0 36.3906 51.072 0 0 0 0 0 0 0 0 0 0 46.4209 55.378 68.8246 0 0 0 0 0 0 0 0 0 0 0 0 0 0 0 0 0 0 0 0 0 0 0 0 0 0 0 0 0 0 0 0 0 0 0 0 0 0 0 0 0 0 0 0 0 0 0 0 0 0 0 0 0 24.9859 0 27.3432 0 0 49.089 0 0 29.3544 22.793 38.9629 0 44.3641 0 0 0 0 120.946 0 0 0 0 0 0 0 0 0 0 0 
0 0 0 0 0 0 0 0 0 0 0 0 0 0 0 0 0 0 0 0 0 0 0 0 0 0 0 0 0 0 0 0 0 36.6603 24.8116 13.6293 16.8183 0 0 0 0 0 0 0 0 0 0 0 43.896 55.0247 70.0659 0 0 0 0 111.909 101.488 89.2507 84.6835 86.1909 0 0 0 0 0 0 0 0 0 0 0 0 0 0 0 0 0 0 0 0 0 0 0 0 0 0 0 0 0 0 173.532 144.745 151.935 167.096 0 0 0 0 0 0 0 34.164 0 0 0 27.3432 0 0 0 0 0 0 44.2401 45.5017 0 0 49.5285 0 0 0 0 0 0 0 0 0 0 0 0 0 0 0 0 
143.045 84.6045 76.6732 69.3478 70.1976 0 0 0 0 0 0 0 31.8331 45.0098 0 0 0 0 0 0 0 0 0 0 0 0 0 0 0 44.1039 0 0 0 0 0 0 0 0 0 31.0677 0 0 0 0 0 0 0 0 0 0 0 0 0 0 0 0 0 0 0 0 0 0 0 0 105.391 106.978 0 0 0 0 0 0 0 0 0 0 0 0 42.9743 24.5159 31.0333 0 0 0 0 0 0 0 0 0 0 0 0 0 0 0 0 0 0 0 0 0 0 0 0 0 0 0 11.4798 0 0 14.8661 0 0 0 0 0 0 56.3822 39.1357 41.8561 44.8254 0 0 0 0 0 0 0 0 0 0 0 
154.3 95.9649 88.0754 80.817 0 0 0 0 0 0 0 0 21.3712 38.2925 0 0 0 0 0 0 0 0 0 0 0 0 0 0 0 45.9532 0 0 0 0 0 0 0 0 12.1049 20.0461 0 0 0 0 0 0 0 0 0 0 0 0 0 0 0 0 0 0 0 0 0 0 0 0 0 0 109.658 0 0 0 0 0 0 0 0 0 0 0 48.3626 32.9634 42.1244 0 0 0 0 0 0 0 0 0 0 0 0 0 0 0 0 0 0 0 0 0 0 0 0 0 0 11.4798 0 26.4806 0 0 0 0 0 0 0 0 51.7966 36.2433 42.5057 46.221 0 0 0 0 0 0 0 0 0 0 0 
0 0 0 0 0 0 0 0 0 0 0 0 0 0 0 0 0 0 0 0 0 0 0 0 0 0 0 0 0 71.8122 0 0 0 0 0 0 12.9951 2.59123 17.9071 0 0 0 0 0 0 0 0 0 30.9462 0 0 0 0 0 0 0 0 0 0 0 0 0 0 0 0 0 0 0 0 0 0 0 0 0 0 0 0 0 0 0 0 0 0 0 0 0 0 0 0 0 0 0 0 0 0 0 0 0 0 0 0 0 0 0 0 49.089 0 0 26.4806 0 0 0 49.1845 57.7356 0 0 42.6826 0 0 59.396 67.8934 71.8812 0 0 0 0 0 0 0 0 0 0 0 
0 0 0 0 0 0 0 0 0 0 0 0 0 0 0 0 0 0 0 0 0 0 0 0 0 0 0 0 0 0 0 0 0 0 0 0 0 0 0 0 0 0 0 0 0 0 0 0 0 0 0 0 0 0 0 0 0 0 0 0 0 0 0 0 0 0 0 0 0 0 0 0 0 0 0 0 0 0 0 0 0 0 0 0 0 0 0 0 0 0 0 0 0 0 0 0 0 0 0 0 0 0 0 0 0 0 0 0 0 0 0 0 0 0 0 0 0 0 0 0 0 0 0 0 0 0 0 0 0 0 0 0 0 
129.76 71.0754 62.9799 55.2237 55.4943 70.0039 0 0 0 0 0 0 46.641 57.8751 0 0 0 0 0 0 0 0 0 0 0 0 0 0 0 49.2763 0 0 0 0 0 0 0 0 0 0 0 0 0 0 0 0 0 0 0 0 0 0 0 11.3369 0 0 0 0 0 0 0 0 0 0 117.78 118.531 0 0 0 0 0 0 0 0 0 0 0 0 43.4916 22.5574 19.8228 37.3156 0 0 0 0 0 0 0 0 0 0 0 0 0 0 0 0 0 0 0 0 0 0 0 0 0 14.8661 0 0 0 0 0 0 0 0 0 0 67.3247 49.4285 48.5727 50.4701 0 0 0 0 0 0 0 0 0 0 0 
0 0 0 0 0 0 0 0 0 0 0 0 0 0 0 0 0 0 0 0 0 0 0 0 0 0 0 0 0 0 0 0 0 0 68.4374 56.5125 41.0941 0 0 0 0 0 0 0 0 0 0 0 28.0598 32.3485 0 0 0 0 0 0 0 0 0 130.298 0 0 0 0 0 0 0 0 0 0 0 0 0 0 0 0 0 0 0 0 0 0 0 0 0 0 0 0 0 0 0 0 0 0 0 0 0 0 0 0 0 0 0 0 53.2408 29.3544 44.2401 0 0 49.1845 0 0 0 13.9785 0 0 19.0594 0 0 0 0 0 0 0 0 0 0 0 0 0 0 0 0 
0 0 0 0 0 0 0 0 0 0 0 0 0 0 0 0 0 0 0 0 0 0 0 0 0 0 0 0 0 0 0 0 0 0 0 58.9186 47.4266 0 0 0 0 0 0 0 0 0 0 0 41.2874 46.3106 0 0 0 0 0 0 0 0 0 0 0 0 0 0 0 0 0 0 0 0 0 0 0 0 0 0 0 0 0 0 0 0 0 0 0 0 0 0 0 0 0 0 0 0 0 0 0 0 0 0 0 0 0 0 43.1753 22.793 45.5017 0 0 57.7356 0 0 13.9785 0 17.1769 0 0 0 0 0 0 0 0 0 0 0 0 0 0 0 0 0 0 
0 0 0 0 0 0 0 0 0 0 0 0 0 0 0 0 0 0 0 0 0 0 0 0 0 0 0 0 0 0 0 0 0 0 0 0 0 0 0 0 0 0 0 0 0 0 0 0 0 0 0 0 0 0 0 0 0 0 0 0 0 0 0 0 0 0 0 0 0 0 0 0 0 0 0 0 0 0 0 0 0 0 0 0 0 0 0 0 0 0 0 0 0 0 0 0 0 0 0 0 0 0 0 0 55.3037 38.9629 0 0 0 0 0 0 0 17.1769 0 21.7804 0 0 0 0 0 0 0 0 0 0 0 0 0 0 0 0 0 
180.984 0 0 114.074 105.938 105.234 122.213 0 0 0 0 0 0 0 0 0 0 0 0 0 0 0 0 0 0 0 0 0 0 0 0 0 0 0 0 0 0 0 0 0 0 0 0 0 0 0 0 0 0 43.6458 44.8753 60.1704 0 0 0 0 0 0 0 0 0 0 0 0 0 0 0 0 0 0 0 0 0 0 0 0 0 0 0 0 0 0 0 0 0 0 0 0 0 0 0 0 0 0 0 0 0 0 0 0 0 0 0 0 0 0 0 0 0 0 0 0 0 0 21.7804 0 33.4928 0 0 0 0 0 0 0 0 0 0 0 0 0 0 0 0 
0 0 0 0 0 0 0 0 0 0 0 0 0 0 0 0 0 0 0 0 0 0 0 0 0 0 0 0 0 0 0 0 0 0 0 58.915 39.6523 0 0 0 0 0 0 0 0 0 0 0 13.0963 13.4033 24.586 0 0 0 0 0 150.19 137.666 0 0 0 0 0 0 0 0 0 0 0 0 0 0 0 0 0 0 0 0 0 0 0 0 0 0 0 0 0 0 0 0 0 0 201.419 216.216 0 0 0 0 0 0 0 0 0 0 69.3022 44.3641 49.5285 0 0 42.6826 0 0 19.0594 0 0 33.4928 0 0 0 0 0 0 0 0 0 0 0 0 0 0 0 0 0 
0 0 0 0 0 0 0 0 40.3555 0 0 0 0 0 0 0 0 0 0 0 0 55.2672 44.6809 48.1104 0 39.095 0 0 0 0 0 0 0 0 0 0 0 0 0 0 0 0 0 0 80.4338 0 0 0 0 0 0 0 0 0 114.623 0 0 0 103.833 91.0709 85.7066 0 0 0 47.4264 43.955 45.3929 0 0 0 0 0 58.3182 0 0 0 0 0 0 0 0 0 0 0 0 0 0 94.8258 0 0 0 0 0 0 0 0 0 81.6505 67.9518 71.9016 0 0 0 0 0 0 0 0 0 0 0 0 0 0 0 0 0 0 15.927 0 0 0 0 17.0516 0 50.9719 0 0 0 0 0 0 0 
0 0 0 0 0 0 0 0 30.6968 0 0 0 38.703 16.0921 0 0 0 0 0 0 0 70.4626 60.515 0 0 0 0 0 0 0 0 0 0 0 0 0 0 0 54.2981 0 0 0 0 0 0 0 0 0 0 0 0 0 0 77.91 109.085 0 0 0 0 0 79.1042 0 0 0 51.4953 51.2566 57.8882 0 0 0 0 75.5872 58.5018 0 0 0 0 0 0 0 0 0 0 0 0 0 0 109.003 0 0 0 0 0 167.404 0 0 0 76.9356 65.1485 71.0765 0 0 0 0 0 0 0 56.3822 51.7966 0 0 67.3247 0 0 0 0 0 15.927 0 17.9566 0 0 0 0 0 0 0 0 0 0 0 0 228.753 
0 0 0 0 0 0 0 0 42.3933 0 0 0 29.3312 15.0999 0 0 0 0 0 0 0 0 0 0 0 0 0 0 0 0 45.1985 0 0 0 0 0 0 0 41.4902 32.7409 0 0 0 0 0 0 0 0 0 0 0 0 0 59.9557 0 0 0 0 0 0 0 0 0 0 69.1942 0 0 0 0 0 0 91.9347 75.015 0 0 0 0 45.8715 31.1839 35.034 52.1977 0 0 0 0 0 0 0 0 0 0 0 0 0 0 0 0 90.2429 80.0401 86.9052 0 0 0 0 0 0 0 39.1357 36.2433 59.396 0 49.4285 0 0 0 0 0 0 17.9566 0 13.1678 0 0 0 0 0 0 0 0 0 0 0 0 
0 0 0 0 0 0 0 0 0 0 0 0 40.8886 0 0 0 0 0 0 0 0 0 0 0 0 0 0 0 0 5.40754 32.294 0 0 0 0 0 0 65.8464 50.3302 43.9636 0 0 0 0 0 0 0 0 0 0 0 0 82.7226 57.7705 0 0 0 0 0 0 0 0 0 0 0 0 0 0 0 0 0 0 0 0 0 0 0 32.9727 19.1261 29.4134 0 0 0 0 0 0 0 0 0 0 0 0 0 0 0 0 0 0 0 0 0 0 0 0 0 0 0 41.8561 42.5057 67.8934 0 48.5727 0 0 0 0 0 0 0 13.1678 0 4.41995 0 0 0 0 0 0 0 0 0 0 0 
0 0 0 0 0 0 0 0 0 0 0 0 45.2948 0 0 0 0 0 0 0 0 0 0 0 0 0 0 0 0 1.87518 0 0 0 0 0 0 0 69.8777 54.4285 48.3479 0 0 0 0 0 0 0 0 0 0 0 0 83.8237 59.1355 0 0 0 0 0 0 0 0 0 0 0 0 0 0 0 0 0 0 0 0 0 0 0 0 0 30.1196 0 0 0 0 0 0 0 0 0 0 0 0 0 0 0 0 0 0 0 0 0 0 0 0 0 120.946 0 44.8254 46.221 71.8812 0 50.4701 0 0 0 0 0 0 0 0 4.41995 0 0 0 0 0 0 0 0 0 0 0 0 
0 0 0 0 0 0 0 0 0 0 0 0 0 0 0 0 0 0 0 0 0 0 0 0 0 0 0 0 0 0 0 0 0 0 0 0 0 0 0 0 0 0 0 0 0 0 0 0 0 0 0 0 0 0 0 0 0 0 0 0 0 0 0 0 0 0 0 0 0 0 0 0 0 0 0 0 0 0 0 0 0 0 0 0 0 0 0 0 0 0 0 0 0 0 0 0 0 0 0 0 0 0 0 0 0 0 0 0 0 0 0 0 0 0 0 0 0 0 0 0 0 0 0 0 0 0 0 0 0 0 0 0 0 
0 0 0 0 0 0 0 0 0 0 0 0 0 0 0 0 0 0 0 0 0 56.077 42.4223 39.6824 67.8174 22.0466 15.8836 5.31563 0 0 0 0 0 0 0 0 0 0 0 0 0 0 0 0 86.8439 0 0 0 0 0 0 0 0 0 0 0 0 0 0 0 0 0 0 0 62.6001 57.4159 53.2715 0 0 0 0 0 74.6711 0 0 0 0 0 0 0 0 0 0 0 0 0 0 97.3242 0 0 0 0 0 0 0 0 0 98.6797 84.8342 88.3819 0 0 0 0 0 0 0 0 0 0 0 0 0 0 0 0 0 17.0516 0 0 0 0 0 0 0 33.966 0 0 0 0 0 0 0 
0 0 0 0 0 0 0 0 0 0 0 0 0 0 0 0 0 0 83.5496 108.501 0 0 68.959 53.2534 63.7494 0 0 0 0 0 0 0 0 0 0 0 0 0 0 0 0 0 143.05 131.658 0 0 0 0 0 0 0 0 0 0 185.923 0 0 0 0 0 0 128.089 0 0 113.772 106.34 94.2867 0 0 0 0 0 127.491 0 0 0 0 0 0 0 0 0 0 0 0 0 0 0 0 0 0 0 0 0 0 0 0 152.877 138.641 0 0 0 0 0 0 0 0 0 0 0 0 0 0 0 0 0 0 0 0 0 0 0 0 0 0 20.4791 0 0 0 0 0 13.5107 0 
0 0 0 0 0 0 0 0 0 0 0 0 0 0 0 0 0 0 81.8058 0 0 0 53.6869 40.1183 0 12.0476 18.1598 0 0 0 0 0 0 0 0 0 0 0 0 0 0 0 125.974 114.902 104.549 0 0 0 0 0 0 0 0 0 165.452 0 0 0 0 0 0 110.625 0 0 93.865 86.8773 76.4746 0 0 0 0 0 107.272 0 0 0 0 0 0 0 0 0 0 0 0 0 0 0 0 0 0 0 0 0 0 0 0 132.411 118.236 121.07 0 0 0 0 0 0 0 0 0 0 0 0 0 0 0 0 0 50.9719 0 0 0 0 0 33.966 20.4791 0 0 0 0 0 0 0 0 
0 0 0 0 0 0 0 0 0 0 0 0 0 0 0 0 0 0 0 0 0 0 0 0 0 0 0 0 0 0 0 0 0 0 0 0 0 0 0 0 0 0 0 0 0 0 0 0 0 0 0 0 0 0 0 0 0 0 0 0 0 0 0 0 0 0 0 0 0 0 0 0 0 0 0 0 0 0 0 0 0 0 0 0 0 0 0 0 0 0 0 0 0 0 0 0 0 0 0 0 0 0 0 0 0 0 0 0 0 0 0 0 0 0 0 0 0 0 0 0 0 0 0 0 0 0 0 0 0 0 0 0 0 
0 0 0 0 0 0 0 0 0 0 0 0 0 0 0 0 0 0 0 0 0 0 0 0 0 0 0 0 0 0 0 0 0 0 0 0 0 0 0 0 0 0 0 0 0 0 0 0 0 0 0 0 0 0 0 0 0 0 0 0 0 0 0 0 0 0 0 0 0 0 0 0 0 0 0 0 0 0 0 0 0 0 0 0 0 0 0 0 0 0 0 0 0 0 0 0 0 0 0 0 0 0 0 0 0 0 0 0 0 0 0 0 0 0 0 0 0 0 0 0 0 0 0 0 0 0 0 0 0 0 0 0 0 
88.441 42.0202 39.4503 41.4581 51.4079 0 0 55.4161 0 0 0 0 0 0 0 0 0 0 0 0 0 0 0 0 0 0 0 0 0 0 0 0 0 0 0 0 0 0 0 0 0 0 0 0 0 0 0 0 0 0 0 0 70.8527 0 0 0 0 0 0 0 0 0 0 0 0 0 0 0 0 0 0 0 0 0 0 0 0 0 0 0 0 25.0602 0 0 0 0 0 0 0 0 0 0 0 0 0 0 0 0 0 0 0 0 0 0 0 0 0 0 0 0 0 0 0 0 0 0 0 0 0 0 0 0 0 0 0 0 0 0 0 13.0189 0 0 0 
80.9675 43.0582 42.9868 47.4566 57.9218 0 0 55.2147 0 0 0 0 0 0 0 0 0 0 0 0 0 0 0 0 0 0 0 0 0 0 0 0 0 0 0 0 0 0 0 0 0 0 0 0 0 0 0 0 0 0 0 0 81.7173 0 0 0 0 0 0 0 0 0 0 0 0 0 0 0 0 0 0 0 0 0 0 0 0 0 0 0 0 36.8488 0 0 0 0 0 0 0 0 0 0 0 0 0 0 0 0 0 0 0 0 0 0 0 0 0 0 0 0 0 0 0 0 0 0 0 0 0 0 0 0 0 0 0 0 0 0 13.0189 0 14.565 0 0 
77.0889 50.7885 52.7408 58.7434 0 0 0 61.0253 0 0 0 0 0 0 0 0 0 0 0 0 0 0 0 0 0 0 0 0 0 0 0 0 0 0 0 0 0 0 0 0 0 0 0 0 0 0 0 0 0 0 0 0 95.5366 0 0 0 0 0 0 0 0 0 0 0 0 0 0 0 0 0 0 0 0 0 0 0 0 0 0 0 0 0 0 0 0 0 0 0 0 0 0 0 0 0 0 0 0 0 0 0 0 0 0 0 0 0 0 0 0 0 0 0 0 0 0 0 0 0 0 0 0 0 0 0 0 0 0 0 0 14.565 0 26.5042 0 
99.2795 0 0 0 0 0 0 0 0 0 0 0 0 0 0 0 0 0 89.5171 114.114 0 0 81.357 65.2241 71.9837 0 0 0 0 0 0 0 0 0 0 0 0 0 0 0 0 0 155.739 144.252 0 0 0 0 0 0 0 0 0 0 0 0 0 0 0 0 0 140.945 0 0 127.274 119.782 107.33 0 0 0 0 0 0 0 0 0 0 0 0 0 0 0 0 0 0 0 0 0 0 0 0 0 0 0 0 0 0 0 0 0 0 0 0 0 0 0 0 0 0 0 0 0 0 0 0 0 0 0 0 0 0 0 0 0 13.5107 0 0 0 0 0 26.5042 0 0 
0 0 0 0 0 0 0 0 0 0 0 0 0 0 0 0 0 0 0 0 245.661 0 0 0 0 0 0 0 0 0 0 0 0 0 0 0 0 0 0 0 209.856 181.577 184.957 195.268 0 0 0 0 0 0 0 0 0 0 119.704 0 0 0 0 0 0 192.845 181.106 0 0 0 0 0 171.773 160.957 0 0 0 0 0 0 0 0 0 0 0 0 0 226.176 0 0 0 0 34.5812 47.4701 57.4132 0 0 61.384 139.928 136.722 140.707 0 0 0 0 0 0 0 0 0 0 0 0 0 0 0 0 0 0 0 0 0 228.753 0 0 0 0 0 0 0 0 0 0 0 0 0 0 
